8
87
0.100 0.2143 0.2143 0.1429 0.0714 0.2143 0.2857 0.1429 0.0714 0.2143 0.3571 0.4286 0.2143 1.2857 0.2857 0.1429 0.2143 0.2143 0.2143 0.2143 0.3571 0.42 0.82 0.52 0.72 1.35 1.11 1.07 0.65 0.95 0.67 0.77 2.35 0.22 4.43 1.23 5.71 0.38 0.32 0.971 0.579 0.568 0.311 0.856 0.752 0.490 0.793 0.773 0.930 0.922 0.523 1.000 0.970 0.891 0.733 0.877 0.981 0.974 0.932 0 0 0 0 0 0 0 0 0 0 0 0 1 0 0 0 0 0 0 0
0.359 0.4286 0.0714 0.2143 0.1429 0.1429 0.4286 0.0714 0.0714 0.0714 0.7857 0.3571 0.1429 0.2857 0.5000 0.3571 0.2143 0.2857 0.0714 0.3571 0.9286 0.52 1.07 0.67 0.91 1.52 1.07 0.90 0.66 0.90 0.74 0.72 2.94 0.29 5.89 1.79 5.67 0.30 0.38 0.976 0.465 0.393 0.152 0.802 0.619 0.369 0.665 0.634 0.983 0.982 0.388 0.970 1.000 0.800 0.600 0.799 0.937 0.938 0.984 0 0 0 0 0 0 0 0 0 0 0 0 0 1 0 0 0 0 0 0
0.680 0.3571 0.3571 0.3571 0.2857 0.1429 0.4286 0.7857 0.1429 0.4286 0.4286 0.2857 0.6429 0.2143 0.1429 0.2857 0.4286 0.7857 0.0714 0.1429 0.6429 0.56 0.93 0.95 0.73 0.69 1.23 1.14 1.15 1.52 0.86 0.88 1.89 0.22 4.77 -0.99 9.99 0.32 0.27 0.513 0.959 0.821 0.571 0.549 0.819 0.586 0.789 0.832 0.336 0.313 1.000 0.523 0.388 0.727 0.873 0.785 0.584 0.614 0.347 0 0 0 0 0 0 0 0 0 0 0 1 0 0 0 0 0 0 0 0
0.295 0.1429 0.0000 0.0000 0.0000 0.1429 0.0000 0.0000 -0.0714 0.0000 1.0000 0.6429 0.0000 0.4286 0.2857 0.0000 0.0714 0.2857 0.0714 0.1429 0.7857 0.26 1.06 0.66 0.99 1.70 0.68 0.46 0.61 0.87 0.61 0.77 3.67 0.14 3.00 1.22 6.02 0.27 0.49 0.968 0.417 0.310 0.092 0.737 0.556 0.335 0.576 0.569 0.997 0.997 0.347 0.932 0.984 0.740 0.542 0.773 0.888 0.904 1.000 0 0 0 0 0 0 0 0 0 0 0 0 0 0 0 0 0 0 0 1
0.294 0.0714 0.2143 0.0000 -0.0714 0.0000 0.0714 0.2143 -0.0714 0.2143 0.2857 0.2857 0.2143 0.1429 0.9286 -0.0714 0.0714 0.2857 0.2857 1.1429 0.3571 0.63 1.09 0.82 0.89 1.30 1.20 0.98 0.73 1.00 0.73 0.77 2.94 0.30 6.47 0.96 5.66 0.25 0.41 0.959 0.687 0.630 0.403 0.845 0.809 0.594 0.825 0.817 0.899 0.893 0.614 0.974 0.938 0.940 0.789 0.908 0.983 1.000 0.904 0 0 0 0 0 0 0 0 0 0 0 0 0 0 0 0 0 0 1 0
0.563 0.2857 0.6429 0.2857 0.2143 0.2143 0.2857 0.2143 0.6429 0.2143 0.5000 0.2857 0.2857 0.7143 0.2143 0.2143 0.5714 0.8571 0.1429 0.2143 0.2857 1.41 1.66 1.76 1.31 0.77 0.72 2.36 1.77 1.23 0.94 1.72 0.00 0.00 0.00 0.00 6.07 0.13 0.15 0.736 0.820 0.926 0.724 0.829 0.954 0.739 1.000 0.935 0.565 0.546 0.789 0.793 0.665 0.929 0.939 0.910 0.845 0.825 0.576 0 0 0 0 0 0 0 1 0 0 0 0 0 0 0 0 0 0 0 0
1.050 0.3571 0.7143 0.2857 0.2857 0.2143 0.3571 0.2857 0.2857 0.3571 0.4286 0.3571 0.7857 0.8571 0.4286 0.2857 0.4286 0.3571 0.8571 0.7857 0.2857 0.63 1.09 0.82 0.89 1.30 1.20 0.98 0.73 1.00 0.73 0.77 2.94 0.30 6.47 0.96 5.66 0.25 0.41 0.959 0.687 0.630 0.403 0.845 0.809 0.594 0.825 0.817 0.899 0.893 0.614 0.974 0.938 0.940 0.789 0.908 0.983 1.000 0.904 0 0 0 0 0 0 0 0 0 0 0 0 0 0 0 0 0 0 1 0
1.174 0.4286 0.3571 0.4286 0.5714 0.4286 0.5000 0.4286 0.2857 0.3571 0.4286 0.3571 0.3571 0.4286 0.2857 0.7857 0.5714 0.6429 0.2857 0.2857 0.6429 2.56 1.07 2.06 1.95 0.47 0.80 0.78 1.65 0.73 2.06 1.59 1.60 0.11 2.78 -0.77 2.95 0.25 0.20 0.266 0.566 0.844 1.000 0.431 0.766 0.932 0.724 0.689 0.068 0.053 0.571 0.311 0.152 0.604 0.754 0.600 0.404 0.403 0.092 0 0 0 1 0 0 0 0 0 0 0 0 0 0 0 0 0 0 0 0
1.275 0.4286 0.3571 0.4286 0.3571 0.4286 0.4286 0.4286 0.6429 0.3571 0.3571 0.4286 0.5000 0.7143 0.5714 0.5000 0.5000 0.7143 0.3571 0.3571 0.3571 2.56 1.13 1.49 1.10 0.65 1.43 1.19 0.98 1.03 1.23 1.28 1.31 0.06 1.60 -0.04 5.70 0.20 0.28 0.710 0.879 0.920 0.754 0.750 0.951 0.792 0.939 0.960 0.526 0.503 0.873 0.733 0.600 0.898 1.000 0.923 0.792 0.789 0.542 0 0 0 0 0 0 0 0 0 0 0 0 0 0 0 1 0 0 0 0
1.283 0.5000 0.4286 0.5000 0.5000 0.4286 0.5000 0.5000 0.4286 0.4286 0.3571 0.4286 0.5000 0.4286 0.3571 0.6429 0.7143 0.5714 0.3571 0.3571 0.4286 2.24 0.78 1.16 0.94 0.63 1.52 1.68 1.58 0.98 1.55 1.71 1.60 0.13 2.95 -0.60 6.52 0.21 0.22 0.514 0.814 1.000 0.844 0.650 0.930 0.808 0.926 0.883 0.292 0.269 0.821 0.568 0.393 0.822 0.920 0.806 0.641 0.630 0.310 0 0 1 0 0 0 0 0 0 0 0 0 0 0 0 0 0 0 0 0
1.306 0.4286 0.5000 0.4286 0.5000 0.4286 0.5000 0.5000 0.4286 0.4286 0.4286 0.4286 0.7143 0.5000 0.4286 0.4286 0.5000 0.6429 0.3571 0.3571 0.5000 0.29 0.89 0.53 0.71 1.78 0.73 0.48 0.50 0.85 0.62 0.60 4.19 0.19 4.00 1.80 6.04 0.30 0.45 0.962 0.405 0.292 0.068 0.730 0.540 0.314 0.565 0.552 1.000 0.998 0.336 0.930 0.983 0.728 0.526 0.760 0.886 0.899 0.997 0 0 0 0 0 0 0 0 0 1 0 0 0 0 0 0 0 0 0 0
1.475 0.5000 0.5000 0.4286 0.4286 0.3571 0.5000 0.4286 0.4286 0.7857 0.4286 0.4286 0.5000 0.4286 0.4286 0.5714 0.6429 0.5714 0.4286 0.5000 0.4286 1.18 0.88 1.05 1.17 0.85 1.28 1.32 1.06 1.10 1.07 1.08 2.99 0.23 4.66 0.13 7.69 0.27 0.30 0.723 0.859 0.883 0.689 0.822 0.922 0.724 0.935 1.000 0.552 0.530 0.832 0.773 0.634 0.909 0.960 0.907 0.823 0.817 0.569 0 0 0 0 0 0 0 0 1 0 0 0 0 0 0 0 0 0 0 0
1.534 0.3571 0.4286 0.5000 0.3571 0.3571 0.3571 0.4286 0.4286 0.5714 0.5000 0.5000 0.4286 0.4286 0.6429 0.3571 0.4286 0.5000 0.7143 0.8571 0.5000 0.56 0.93 0.95 0.73 0.69 1.23 1.14 1.15 1.52 0.86 0.88 1.89 0.22 4.77 -0.99 9.99 0.32 0.27 0.513 0.959 0.821 0.571 0.549 0.819 0.586 0.789 0.832 0.336 0.313 1.000 0.523 0.388 0.727 0.873 0.785 0.584 0.614 0.347 0 0 0 0 0 0 0 0 0 0 0 1 0 0 0 0 0 0 0 0
0.100 0.0000 -0.2143 -0.1429 -0.2143 1.3571 -0.1429 -0.2143 -0.1429 -0.1429 -0.0714 -0.0714 -0.1429 -0.0714 -0.1429 -0.1429 0.0000 0.0000 -0.1429 -0.1429 0.0000 0.95 0.68 0.60 0.74 1.21 1.06 1.11 0.82 0.80 0.92 1.20 1.77 0.13 2.43 1.54 6.35 0.17 0.41 0.822 0.605 0.650 0.431 1.000 0.777 0.511 0.829 0.822 0.730 0.711 0.549 0.856 0.802 0.852 0.750 0.825 0.892 0.845 0.737 0 0 0 0 1 0 0 0 0 0 0 0 0 0 0 0 0 0 0 0
0.228 0.2143 0.0000 0.2143 0.0714 -0.0714 0.0714 0.0714 0.5714 0.0000 0.0714 0.0000 0.2857 -0.0714 0.2143 1.0714 0.3571 0.0714 -0.1429 0.3571 0.1429 0.26 1.06 0.66 0.99 1.70 0.68 0.46 0.61 0.87 0.61 0.77 3.67 0.14 3.00 1.22 6.02 0.27 0.49 0.968 0.417 0.310 0.092 0.737 0.556 0.335 0.576 0.569 0.997 0.997 0.347 0.932 0.984 0.740 0.542 0.773 0.888 0.904 1.000 0 0 0 0 0 0 0 0 0 0 0 0 0 0 0 0 0 0 0 1
0.292 0.0714 0.0000 0.0000 -0.0714 -0.0714 0.0000 0.0000 0.2143 0.6429 0.1429 0.0714 0.0000 0.0714 0.9286 0.3571 0.2143 0.0000 0.6429 1.1429 0.0714 0.63 1.09 0.82 0.89 1.30 1.20 0.98 0.73 1.00 0.73 0.77 2.94 0.30 6.47 0.96 5.66 0.25 0.41 0.959 0.687 0.630 0.403 0.845 0.809 0.594 0.825 0.817 0.899 0.893 0.614 0.974 0.938 0.940 0.789 0.908 0.983 1.000 0.904 0 0 0 0 0 0 0 0 0 0 0 0 0 0 0 0 0 0 1 0
0.152 0.0714 -0.1429 -0.0714 -0.1429 1.3571 -0.1429 -0.1429 0.5714 -0.1429 0.0000 0.0000 -0.1429 0.0000 -0.0714 -0.1429 0.2857 0.0000 -0.0714 -0.0714 0.0000 0.95 0.68 0.60 0.74 1.21 1.06 1.11 0.82 0.80 0.92 1.20 1.77 0.13 2.43 1.54 6.35 0.17 0.41 0.822 0.605 0.650 0.431 1.000 0.777 0.511 0.829 0.822 0.730 0.711 0.549 0.856 0.802 0.852 0.750 0.825 0.892 0.845 0.737 0 0 0 0 1 0 0 0 0 0 0 0 0 0 0 0 0 0 0 0
1.104 0.5000 0.5000 0.3571 0.5000 0.2857 0.5000 0.3571 0.2143 0.5714 0.6429 0.5714 0.5000 0.5714 0.2857 0.2143 0.5000 0.6429 0.1429 0.2857 0.6429 2.56 1.07 2.06 1.95 0.47 0.80 0.78 1.65 0.73 2.06 1.59 1.60 0.11 2.78 -0.77 2.95 0.25 0.20 0.266 0.566 0.844 1.000 0.431 0.766 0.932 0.724 0.689 0.068 0.053 0.571 0.311 0.152 0.604 0.754 0.600 0.404 0.403 0.092 0 0 0 1 0 0 0 0 0 0 0 0 0 0 0 0 0 0 0 0
0.621 0.5714 0.9286 0.5000 0.2143 0.0714 0.5000 0.3571 0.2143 0.3571 0.1429 0.2143 0.7857 0.7143 0.1429 0.1429 0.4286 0.2143 0.3571 0.1429 0.0714 2.24 0.78 1.16 0.94 0.63 1.52 1.68 1.58 0.98 1.55 1.71 1.60 0.13 2.95 -0.60 6.52 0.21 0.22 0.514 0.814 1.000 0.844 0.650 0.930 0.808 0.926 0.883 0.292 0.269 0.821 0.568 0.393 0.822 0.920 0.806 0.641 0.630 0.310 0 0 1 0 0 0 0 0 0 0 0 0 0 0 0 0 0 0 0 0
0.201 1.0000 0.0714 0.0714 0.0000 0.3571 0.0714 0.0714 0.1429 0.0000 0.1429 0.0714 0.0714 0.0714 0.0000 0.0714 0.5000 0.5000 -0.0714 0.0000 0.5000 0.42 0.80 0.90 0.85 1.05 1.06 1.18 0.73 0.93 0.77 0.87 1.28 0.05 1.00 0.31 6.11 0.42 0.23 1.000 0.580 0.514 0.266 0.822 0.709 0.463 0.736 0.723 0.962 0.956 0.513 0.971 0.976 0.861 0.710 0.880 0.949 0.959 0.968 1 0 0 0 0 0 0 0 0 0 0 0 0 0 0 0 0 0 0 0
0.232 0.0714 0.5000 0.1429 0.0714 -0.0714 0.3571 0.4286 0.0000 0.2143 0.2857 0.2857 1.0714 0.4286 -0.0714 0.0714 0.1429 0.0714 -0.0714 0.1429 0.3571 0.56 0.93 0.95 0.73 0.69 1.23 1.14 1.15 1.52 0.86 0.88 1.89 0.22 4.77 -0.99 9.99 0.32 0.27 0.513 0.959 0.821 0.571 0.549 0.819 0.586 0.789 0.832 0.336 0.313 1.000 0.523 0.388 0.727 0.873 0.785 0.584 0.614 0.347 0 0 0 0 0 0 0 0 0 0 0 1 0 0 0 0 0 0 0 0
1.085 0.6429 0.7143 0.5714 0.6429 0.1429 0.7143 0.5714 0.2857 0.5000 0.2143 0.2143 0.5714 0.2857 0.2143 0.2143 0.5714 0.3571 0.4286 0.2857 0.2143 0.61 0.87 0.78 0.65 1.05 1.08 1.06 1.09 1.27 0.86 0.80 2.34 0.29 6.13 -1.01 10.74 0.36 0.25 0.580 1.000 0.814 0.566 0.605 0.825 0.601 0.820 0.859 0.405 0.389 0.959 0.579 0.465 0.798 0.879 0.809 0.658 0.687 0.417 0 1 0 0 0 0 0 0 0 0 0 0 0 0 0 0 0 0 0 0
0.306 0.3571 0.2143 0.0714 0.0000 0.2857 0.1429 0.2143 0.0000 0.1429 0.5000 0.9286 0.0714 0.5714 0.5000 0.0714 0.1429 0.3571 0.5000 0.3571 0.5000 0.36 0.88 0.51 0.68 1.45 1.17 1.05 0.51 0.79 0.68 0.78 2.59 0.19 4.00 1.70 6.04 0.39 0.31 0.956 0.389 0.269 0.053 0.711 0.520 0.303 0.546 0.530 0.998 1.000 0.313 0.922 0.982 0.716 0.503 0.742 0.875 0.893 0.997 0 0 0 0 0 0 0 0 0 0 1 0 0 0 0 0 0 0 0 0
0.237 0.4286 0.1429 0.0714 0.0000 0.4286 0.0714 0.0714 0.0714 0.0714 0.3571 0.9286 0.0714 0.4286 0.7143 0.0714 0.1429 0.1429 0.1429 0.2143 0.2857 0.36 0.88 0.51 0.68 1.45 1.17 1.05 0.51 0.79 0.68 0.78 2.59 0.19 4.00 1.70 6.04 0.39 0.31 0.956 0.389 0.269 0.053 0.711 0.520 0.303 0.546 0.530 0.998 1.000 0.313 0.922 0.982 0.716 0.503 0.742 0.875 0.893 0.997 0 0 0 0 0 0 0 0 0 0 1 0 0 0 0 0 0 0 0 0
1.003 0.4286 0.5714 0.6429 0.7143 0.1429 0.5714 0.7143 0.3571 0.4286 0.2143 0.2143 0.7143 0.2857 0.2143 0.2143 0.5000 0.5714 0.5000 0.2857 0.2857 2.18 1.11 1.14 1.45 0.93 1.20 0.70 1.02 1.14 0.91 1.29 3.03 0.11 2.60 0.26 5.60 0.21 0.36 0.880 0.809 0.806 0.600 0.825 0.923 0.719 0.910 0.907 0.760 0.742 0.785 0.877 0.799 0.927 0.923 1.000 0.897 0.908 0.773 0 0 0 0 0 0 0 0 0 0 0 0 0 0 0 0 1 0 0 0
1.068 0.5000 0.7143 0.5000 0.6429 0.1429 0.6429 0.7143 0.3571 0.3571 0.2143 0.2143 0.6429 0.3571 0.2143 0.2143 0.5714 0.4286 0.5714 0.2143 0.2857 0.26 1.06 0.66 0.99 1.70 0.68 0.46 0.61 0.87 0.61 0.77 3.67 0.14 3.00 1.22 6.02 0.27 0.49 0.968 0.417 0.310 0.092 0.737 0.556 0.335 0.576 0.569 0.997 0.997 0.347 0.932 0.984 0.740 0.542 0.773 0.888 0.904 1.000 0 0 0 0 0 0 0 0 0 0 0 0 0 0 0 0 0 0 0 1
0.712 0.3571 0.6429 0.4286 0.2857 0.1429 0.5714 0.4286 0.2143 0.5000 0.3571 0.6429 0.8571 0.5714 0.2143 0.2143 0.2857 0.2143 0.1429 0.2857 0.3571 0.56 0.93 0.95 0.73 0.69 1.23 1.14 1.15 1.52 0.86 0.88 1.89 0.22 4.77 -0.99 9.99 0.32 0.27 0.513 0.959 0.821 0.571 0.549 0.819 0.586 0.789 0.832 0.336 0.313 1.000 0.523 0.388 0.727 0.873 0.785 0.584 0.614 0.347 0 0 0 0 0 0 0 0 0 0 0 1 0 0 0 0 0 0 0 0
0.434 0.2857 0.2857 0.6429 0.5000 0.0714 0.4286 0.2857 0.9286 0.1429 0.1429 0.0714 0.5714 0.1429 0.0714 0.1429 0.3571 0.2143 0.0714 0.2143 0.0714 0.56 0.93 0.95 0.73 0.69 1.23 1.14 1.15 1.52 0.86 0.88 1.89 0.22 4.77 -0.99 9.99 0.32 0.27 0.513 0.959 0.821 0.571 0.549 0.819 0.586 0.789 0.832 0.336 0.313 1.000 0.523 0.388 0.727 0.873 0.785 0.584 0.614 0.347 0 0 0 0 0 0 0 0 0 0 0 1 0 0 0 0 0 0 0 0
0.782 0.5714 0.2143 0.1429 0.1429 0.2143 0.3571 0.2143 0.1429 0.3571 0.7857 0.5000 0.2857 0.4286 0.6429 0.2143 0.2857 0.2857 0.5714 0.6429 0.7857 0.60 0.78 1.04 1.38 0.83 1.00 1.21 0.95 1.27 0.93 0.67 1.56 0.18 3.95 -0.22 5.65 0.36 0.25 0.709 0.825 0.930 0.766 0.777 1.000 0.821 0.954 0.922 0.540 0.520 0.819 0.752 0.619 0.930 0.951 0.923 0.814 0.809 0.556 0 0 0 0 0 1 0 0 0 0 0 0 0 0 0 0 0 0 0 0
1.104 0.5714 0.3571 0.5000 0.7143 0.2857 0.5000 0.7143 0.3571 0.5000 0.2857 0.2143 0.5714 0.2143 0.2143 0.7143 0.5000 0.5000 0.1429 0.2143 0.2857 1.00 1.00 1.00 1.00 1.00 1.00 1.00 1.84 0.63 2.15 1.05 2.67 0.00 2.72 0.72 6.80 0.13 0.34 0.861 0.798 0.822 0.604 0.852 0.930 0.727 0.929 0.909 0.728 0.716 0.727 0.891 0.800 1.000 0.898 0.927 0.941 0.940 0.740 0 0 0 0 0 0 0 0 0 0 0 0 0 0 1 0 0 0 0 0
0.584 0.2143 0.2143 0.1429 0.2143 0.1429 0.1429 0.1429 0.1429 0.5000 0.3571 0.2857 0.2143 0.2857 1.0000 0.4286 0.2143 0.2143 0.5000 1.0000 0.3571 0.52 1.07 0.67 0.91 1.52 1.07 0.90 0.66 0.90 0.74 0.72 2.94 0.29 5.89 1.79 5.67 0.30 0.38 0.976 0.465 0.393 0.152 0.802 0.619 0.369 0.665 0.634 0.983 0.982 0.388 0.970 1.000 0.800 0.600 0.799 0.937 0.938 0.984 0 0 0 0 0 0 0 0 0 0 0 0 0 1 0 0 0 0 0 0
1.161 0.4286 0.5714 0.4286 0.5000 0.2857 0.5714 0.7143 0.2857 0.4286 0.4286 0.2857 0.7143 0.3571 0.2857 0.3571 0.5000 0.7143 0.3571 0.4286 0.4286 0.58 0.93 1.94 1.63 0.40 0.93 0.80 0.83 1.12 0.93 0.74 1.56 0.15 3.78 -0.64 3.09 0.42 0.21 0.463 0.601 0.808 0.932 0.511 0.821 1.000 0.739 0.724 0.314 0.303 0.586 0.490 0.369 0.727 0.792 0.719 0.576 0.594 0.335 0 0 0 0 0 0 1 0 0 0 0 0 0 0 0 0 0 0 0 0
0.858 0.4286 0.2857 0.3571 0.5714 0.3571 0.4286 0.8571 0.2857 0.2857 0.2857 0.3571 0.4286 0.2857 0.5000 0.2857 0.3571 0.4286 0.4286 0.6429 0.5714 0.52 1.07 0.67 0.91 1.52 1.07 0.90 0.66 0.90 0.74 0.72 2.94 0.29 5.89 1.79 5.67 0.30 0.38 0.976 0.465 0.393 0.152 0.802 0.619 0.369 0.665 0.634 0.983 0.982 0.388 0.970 1.000 0.800 0.600 0.799 0.937 0.938 0.984 0 0 0 0 0 0 0 0 0 0 0 0 0 1 0 0 0 0 0 0
0.867 0.2857 0.2857 0.2857 0.2143 0.2857 0.2857 0.2143 0.2143 0.6429 0.8571 0.5714 0.3571 0.4286 0.5000 0.2857 0.2857 0.3571 0.2857 0.7143 0.7143 0.29 0.89 0.53 0.71 1.78 0.73 0.48 0.50 0.85 0.62 0.60 4.19 0.19 4.00 1.80 6.04 0.30 0.45 0.962 0.405 0.292 0.068 0.730 0.540 0.314 0.565 0.552 1.000 0.998 0.336 0.930 0.983 0.728 0.526 0.760 0.886 0.899 0.997 0 0 0 0 0 0 0 0 0 1 0 0 0 0 0 0 0 0 0 0
1.196 0.3571 0.4286 0.7143 0.7857 0.4286 0.5000 0.7143 0.3571 0.5000 0.3571 0.2857 0.5000 0.3571 0.2143 0.5714 0.4286 0.4286 0.2143 0.2857 0.5000 2.24 0.78 1.16 0.94 0.63 1.52 1.68 1.58 0.98 1.55 1.71 1.60 0.13 2.95 -0.60 6.52 0.21 0.22 0.514 0.814 1.000 0.844 0.650 0.930 0.808 0.926 0.883 0.292 0.269 0.821 0.568 0.393 0.822 0.920 0.806 0.641 0.630 0.310 0 0 1 0 0 0 0 0 0 0 0 0 0 0 0 0 0 0 0 0
0.608 0.3571 0.2143 0.2143 0.2143 0.2857 0.2857 0.3571 0.1429 0.2143 0.7857 0.7143 0.2857 0.5714 0.3571 0.2857 0.2143 0.2857 0.2143 0.2857 0.7857 0.29 0.89 0.53 0.71 1.78 0.73 0.48 0.50 0.85 0.62 0.60 4.19 0.19 4.00 1.80 6.04 0.30 0.45 0.962 0.405 0.292 0.068 0.730 0.540 0.314 0.565 0.552 1.000 0.998 0.336 0.930 0.983 0.728 0.526 0.760 0.886 0.899 0.997 0 0 0 0 0 0 0 0 0 1 0 0 0 0 0 0 0 0 0 0
1.222 0.4286 0.3571 0.5714 0.7857 0.2857 0.5000 0.5714 0.5714 0.5714 0.4286 0.4286 0.4286 0.4286 0.3571 0.2857 0.5000 0.5000 0.2857 0.2857 0.3571 0.42 0.82 0.52 0.72 1.35 1.11 1.07 0.65 0.95 0.67 0.77 2.35 0.22 4.43 1.23 5.71 0.38 0.32 0.971 0.579 0.568 0.311 0.856 0.752 0.490 0.793 0.773 0.930 0.922 0.523 1.000 0.970 0.891 0.733 0.877 0.981 0.974 0.932 0 0 0 0 0 0 0 0 0 0 0 0 1 0 0 0 0 0 0 0
1.471 0.5000 0.5000 0.5714 0.5714 0.3571 0.5000 0.5714 0.5714 0.5000 0.3571 0.3571 0.6429 0.4286 0.3571 0.5714 0.5000 0.5000 0.2857 0.3571 0.4286 1.00 1.00 1.00 1.00 1.00 1.00 1.00 1.84 0.63 2.15 1.05 2.67 0.00 2.72 0.72 6.80 0.13 0.34 0.861 0.798 0.822 0.604 0.852 0.930 0.727 0.929 0.909 0.728 0.716 0.727 0.891 0.800 1.000 0.898 0.927 0.941 0.940 0.740 0 0 0 0 0 0 0 0 0 0 0 0 0 0 1 0 0 0 0 0
1.318 0.3571 0.4286 0.5714 0.7143 0.3571 0.5000 0.6429 0.4286 0.5000 0.5714 0.4286 0.4286 0.5000 0.5000 0.3571 0.4286 0.5000 0.3571 0.5000 0.5000 0.58 0.93 1.94 1.63 0.40 0.93 0.80 0.83 1.12 0.93 0.74 1.56 0.15 3.78 -0.64 3.09 0.42 0.21 0.463 0.601 0.808 0.932 0.511 0.821 1.000 0.739 0.724 0.314 0.303 0.586 0.490 0.369 0.727 0.792 0.719 0.576 0.594 0.335 0 0 0 0 0 0 1 0 0 0 0 0 0 0 0 0 0 0 0 0
1.531 0.5000 0.5000 0.5000 0.5714 0.4286 0.5000 0.5000 0.5714 0.4286 0.4286 0.4286 0.5000 0.4286 0.4286 0.5714 0.5714 0.5000 0.3571 0.4286 0.5000 0.56 0.93 0.95 0.73 0.69 1.23 1.14 1.15 1.52 0.86 0.88 1.89 0.22 4.77 -0.99 9.99 0.32 0.27 0.513 0.959 0.821 0.571 0.549 0.819 0.586 0.789 0.832 0.336 0.313 1.000 0.523 0.388 0.727 0.873 0.785 0.584 0.614 0.347 0 0 0 0 0 0 0 0 0 0 0 1 0 0 0 0 0 0 0 0
1.556 0.5714 0.4286 0.5000 0.5000 0.4286 0.5000 0.5000 0.5000 0.4286 0.5714 0.5000 0.4286 0.5000 0.4286 0.5000 0.5000 0.5000 0.3571 0.4286 0.5714 1.41 1.66 1.76 1.31 0.77 0.72 2.36 1.77 1.23 0.94 1.72 0.00 0.00 0.00 0.00 6.07 0.13 0.15 0.736 0.820 0.926 0.724 0.829 0.954 0.739 1.000 0.935 0.565 0.546 0.789 0.793 0.665 0.929 0.939 0.910 0.845 0.825 0.576 0 0 0 0 0 0 0 1 0 0 0 0 0 0 0 0 0 0 0 0
1.481 0.5714 0.4286 0.5000 0.5714 0.4286 0.4286 0.5714 0.5000 0.4286 0.4286 0.4286 0.4286 0.4286 0.4286 0.4286 0.5000 0.5000 0.4286 0.4286 0.5714 0.26 1.06 0.66 0.99 1.70 0.68 0.46 0.61 0.87 0.61 0.77 3.67 0.14 3.00 1.22 6.02 0.27 0.49 0.968 0.417 0.310 0.092 0.737 0.556 0.335 0.576 0.569 0.997 0.997 0.347 0.932 0.984 0.740 0.542 0.773 0.888 0.904 1.000 0 0 0 0 0 0 0 0 0 0 0 0 0 0 0 0 0 0 0 1
1.551 0.4286 0.5000 0.5000 0.5714 0.4286 0.5000 0.5714 0.4286 0.5000 0.4286 0.5714 0.5714 0.5000 0.5000 0.4286 0.5000 0.5000 0.4286 0.5000 0.5000 0.52 1.07 0.67 0.91 1.52 1.07 0.90 0.66 0.90 0.74 0.72 2.94 0.29 5.89 1.79 5.67 0.30 0.38 0.976 0.465 0.393 0.152 0.802 0.619 0.369 0.665 0.634 0.983 0.982 0.388 0.970 1.000 0.800 0.600 0.799 0.937 0.938 0.984 0 0 0 0 0 0 0 0 0 0 0 0 0 1 0 0 0 0 0 0
1.150 0.4286 0.4286 0.5714 0.8571 0.3571 0.5000 0.5714 0.5000 0.5000 0.3571 0.3571 0.4286 0.3571 0.3571 0.5000 0.5000 0.4286 0.3571 0.5000 0.3571 2.56 1.07 2.06 1.95 0.47 0.80 0.78 1.65 0.73 2.06 1.59 1.60 0.11 2.78 -0.77 2.95 0.25 0.20 0.266 0.566 0.844 1.000 0.431 0.766 0.932 0.724 0.689 0.068 0.053 0.571 0.311 0.152 0.604 0.754 0.600 0.404 0.403 0.092 0 0 0 1 0 0 0 0 0 0 0 0 0 0 0 0 0 0 0 0
1.623 0.5000 0.5000 0.5000 0.5000 0.3571 0.5714 0.5000 0.5000 0.6429 0.4286 0.4286 0.5000 0.5000 0.4286 0.7143 0.5000 0.4286 0.3571 0.4286 0.4286 2.56 1.07 2.06 1.95 0.47 0.80 0.78 1.65 0.73 2.06 1.59 1.60 0.11 2.78 -0.77 2.95 0.25 0.20 0.266 0.566 0.844 1.000 0.431 0.766 0.932 0.724 0.689 0.068 0.053 0.571 0.311 0.152 0.604 0.754 0.600 0.404 0.403 0.092 0 0 0 1 0 0 0 0 0 0 0 0 0 0 0 0 0 0 0 0
1.766 0.5000 0.6429 0.5000 0.5000 0.4286 0.5000 0.5714 0.4286 0.5714 0.4286 0.5000 0.5000 0.5000 0.4286 0.5000 0.5000 0.5000 0.5714 0.4286 0.4286 0.58 0.93 1.94 1.63 0.40 0.93 0.80 0.83 1.12 0.93 0.74 1.56 0.15 3.78 -0.64 3.09 0.42 0.21 0.463 0.601 0.808 0.932 0.511 0.821 1.000 0.739 0.724 0.314 0.303 0.586 0.490 0.369 0.727 0.792 0.719 0.576 0.594 0.335 0 0 0 0 0 0 1 0 0 0 0 0 0 0 0 0 0 0 0 0
1.567 0.5000 0.5000 0.4286 0.5714 0.4286 0.5000 0.5714 0.4286 0.5000 0.5000 0.5714 0.5000 0.5714 0.4286 0.5000 0.5000 0.4286 0.4286 0.4286 0.5000 0.56 0.93 0.95 0.73 0.69 1.23 1.14 1.15 1.52 0.86 0.88 1.89 0.22 4.77 -0.99 9.99 0.32 0.27 0.513 0.959 0.821 0.571 0.549 0.819 0.586 0.789 0.832 0.336 0.313 1.000 0.523 0.388 0.727 0.873 0.785 0.584 0.614 0.347 0 0 0 0 0 0 0 0 0 0 0 1 0 0 0 0 0 0 0 0
1.418 0.4286 0.7143 0.5000 0.7143 0.3571 0.5714 0.5000 0.4286 0.4286 0.4286 0.4286 0.5000 0.5000 0.4286 0.3571 0.4286 0.5000 0.3571 0.4286 0.4286 0.29 0.89 0.53 0.71 1.78 0.73 0.48 0.50 0.85 0.62 0.60 4.19 0.19 4.00 1.80 6.04 0.30 0.45 0.962 0.405 0.292 0.068 0.730 0.540 0.314 0.565 0.552 1.000 0.998 0.336 0.930 0.983 0.728 0.526 0.760 0.886 0.899 0.997 0 0 0 0 0 0 0 0 0 1 0 0 0 0 0 0 0 0 0 0
1.338 0.5714 0.4286 0.4286 0.5000 0.3571 0.5714 0.5000 0.7143 0.4286 0.4286 0.3571 0.4286 0.4286 0.3571 0.5714 0.5000 0.5714 0.3571 0.4286 0.4286 0.42 0.80 0.90 0.85 1.05 1.06 1.18 0.73 0.93 0.77 0.87 1.28 0.05 1.00 0.31 6.11 0.42 0.23 1.000 0.580 0.514 0.266 0.822 0.709 0.463 0.736 0.723 0.962 0.956 0.513 0.971 0.976 0.861 0.710 0.880 0.949 0.959 0.968 1 0 0 0 0 0 0 0 0 0 0 0 0 0 0 0 0 0 0 0
1.238 0.5000 0.6429 0.4286 0.6429 0.2857 0.5000 0.7857 0.4286 0.5000 0.2857 0.2857 0.5000 0.4286 0.2857 0.4286 0.5000 0.4286 0.5000 0.3571 0.3571 0.58 0.93 1.94 1.63 0.40 0.93 0.80 0.83 1.12 0.93 0.74 1.56 0.15 3.78 -0.64 3.09 0.42 0.21 0.463 0.601 0.808 0.932 0.511 0.821 1.000 0.739 0.724 0.314 0.303 0.586 0.490 0.369 0.727 0.792 0.719 0.576 0.594 0.335 0 0 0 0 0 0 1 0 0 0 0 0 0 0 0 0 0 0 0 0
1.120 0.5714 0.3571 0.4286 0.5000 0.2857 0.5000 0.6429 0.2857 0.2857 0.5000 0.5714 0.4286 0.8571 0.3571 0.2857 0.4286 0.4286 0.2857 0.2857 0.5000 0.36 0.88 0.51 0.68 1.45 1.17 1.05 0.51 0.79 0.68 0.78 2.59 0.19 4.00 1.70 6.04 0.39 0.31 0.956 0.389 0.269 0.053 0.711 0.520 0.303 0.546 0.530 0.998 1.000 0.313 0.922 0.982 0.716 0.503 0.742 0.875 0.893 0.997 0 0 0 0 0 0 0 0 0 0 1 0 0 0 0 0 0 0 0 0
1.116 0.4286 0.6429 0.4286 0.3571 0.2857 0.5000 0.6429 0.2857 0.2857 0.7857 0.5000 0.5000 0.7143 0.4286 0.2857 0.3571 0.4286 0.2857 0.4286 0.5000 0.36 0.88 0.51 0.68 1.45 1.17 1.05 0.51 0.79 0.68 0.78 2.59 0.19 4.00 1.70 6.04 0.39 0.31 0.956 0.389 0.269 0.053 0.711 0.520 0.303 0.546 0.530 0.998 1.000 0.313 0.922 0.982 0.716 0.503 0.742 0.875 0.893 0.997 0 0 0 0 0 0 0 0 0 0 1 0 0 0 0 0 0 0 0 0
1.004 0.5000 0.5000 0.4286 0.4286 0.2143 0.8571 0.5714 0.3571 0.2857 0.3571 0.2857 0.5714 0.2857 0.2143 0.3571 0.4286 0.6429 0.2143 0.3571 0.3571 2.18 1.11 1.14 1.45 0.93 1.20 0.70 1.02 1.14 0.91 1.29 3.03 0.11 2.60 0.26 5.60 0.21 0.36 0.880 0.809 0.806 0.600 0.825 0.923 0.719 0.910 0.907 0.760 0.742 0.785 0.877 0.799 0.927 0.923 1.000 0.897 0.908 0.773 0 0 0 0 0 0 0 0 0 0 0 0 0 0 0 0 1 0 0 0
1.062 0.5000 0.7143 0.5000 0.7143 0.2143 0.5000 0.6429 0.2857 0.3571 0.4286 0.3571 0.6429 0.2857 0.2143 0.2857 0.5000 0.5000 0.3571 0.3571 0.2857 0.56 0.93 0.95 0.73 0.69 1.23 1.14 1.15 1.52 0.86 0.88 1.89 0.22 4.77 -0.99 9.99 0.32 0.27 0.513 0.959 0.821 0.571 0.549 0.819 0.586 0.789 0.832 0.336 0.313 1.000 0.523 0.388 0.727 0.873 0.785 0.584 0.614 0.347 0 0 0 0 0 0 0 0 0 0 0 1 0 0 0 0 0 0 0 0
0.939 0.7143 0.3571 0.3571 0.2857 0.2857 0.2857 0.3571 0.2857 0.2143 0.5000 0.4286 0.2857 0.8571 0.3571 0.2143 0.6429 0.5714 0.2143 0.5000 0.5714 0.36 0.88 0.51 0.68 1.45 1.17 1.05 0.51 0.79 0.68 0.78 2.59 0.19 4.00 1.70 6.04 0.39 0.31 0.956 0.389 0.269 0.053 0.711 0.520 0.303 0.546 0.530 0.998 1.000 0.313 0.922 0.982 0.716 0.503 0.742 0.875 0.893 0.997 0 0 0 0 0 0 0 0 0 0 1 0 0 0 0 0 0 0 0 0
0.792 0.4286 0.3571 0.2857 0.2143 0.2857 0.2857 0.2143 0.7143 0.3571 0.5714 0.7143 0.2857 0.5000 0.6429 0.2143 0.3571 0.3571 0.2143 0.3571 0.5000 1.41 1.66 1.76 1.31 0.77 0.72 2.36 1.77 1.23 0.94 1.72 0.00 0.00 0.00 0.00 6.07 0.13 0.15 0.736 0.820 0.926 0.724 0.829 0.954 0.739 1.000 0.935 0.565 0.546 0.789 0.793 0.665 0.929 0.939 0.910 0.845 0.825 0.576 0 0 0 0 0 0 0 1 0 0 0 0 0 0 0 0 0 0 0 0
1.008 0.5000 0.7857 0.3571 0.3571 0.2143 0.7143 0.5714 0.4286 0.5000 0.2857 0.4286 0.7857 0.5000 0.2857 0.2143 0.3571 0.3571 0.2143 0.3571 0.2857 0.61 0.87 0.78 0.65 1.05 1.08 1.06 1.09 1.27 0.86 0.80 2.34 0.29 6.13 -1.01 10.74 0.36 0.25 0.580 1.000 0.814 0.566 0.605 0.825 0.601 0.820 0.859 0.405 0.389 0.959 0.579 0.465 0.798 0.879 0.809 0.658 0.687 0.417 0 1 0 0 0 0 0 0 0 0 0 0 0 0 0 0 0 0 0 0
1.022 0.5714 0.7857 0.3571 0.5000 0.2143 0.5714 0.7143 0.3571 0.3571 0.2857 0.2857 0.5714 0.3571 0.2143 0.3571 0.4286 0.4286 0.2143 0.2857 0.3571 2.56 1.07 2.06 1.95 0.47 0.80 0.78 1.65 0.73 2.06 1.59 1.60 0.11 2.78 -0.77 2.95 0.25 0.20 0.266 0.566 0.844 1.000 0.431 0.766 0.932 0.724 0.689 0.068 0.053 0.571 0.311 0.152 0.604 0.754 0.600 0.404 0.403 0.092 0 0 0 1 0 0 0 0 0 0 0 0 0 0 0 0 0 0 0 0
1.664 0.5714 0.5000 0.4286 0.3571 0.3571 0.5000 0.5000 0.4286 0.4286 0.5714 0.5714 0.5714 0.5714 0.4286 0.4286 0.5000 0.5000 0.6429 0.4286 0.5000 2.18 1.11 1.14 1.45 0.93 1.20 0.70 1.02 1.14 0.91 1.29 3.03 0.11 2.60 0.26 5.60 0.21 0.36 0.880 0.809 0.806 0.600 0.825 0.923 0.719 0.910 0.907 0.760 0.742 0.785 0.877 0.799 0.927 0.923 1.000 0.897 0.908 0.773 0 0 0 0 0 0 0 0 0 0 0 0 0 0 0 0 1 0 0 0
1.172 0.3571 0.3571 0.6429 0.4286 0.2857 0.4286 0.4286 0.4286 0.7143 0.3571 0.3571 0.4286 0.3571 0.3571 0.5000 0.5714 0.7857 0.2857 0.5714 0.4286 0.60 0.78 1.04 1.38 0.83 1.00 1.21 0.95 1.27 0.93 0.67 1.56 0.18 3.95 -0.22 5.65 0.36 0.25 0.709 0.825 0.930 0.766 0.777 1.000 0.821 0.954 0.922 0.540 0.520 0.819 0.752 0.619 0.930 0.951 0.923 0.814 0.809 0.556 0 0 0 0 0 1 0 0 0 0 0 0 0 0 0 0 0 0 0 0
0.591 0.3571 0.2857 0.5714 0.4286 0.2143 0.3571 0.2857 0.9286 0.4286 0.2143 0.2857 0.3571 0.2857 0.2143 0.5714 0.3571 0.2857 0.2143 0.2143 0.3571 0.29 0.89 0.53 0.71 1.78 0.73 0.48 0.50 0.85 0.62 0.60 4.19 0.19 4.00 1.80 6.04 0.30 0.45 0.962 0.405 0.292 0.068 0.730 0.540 0.314 0.565 0.552 1.000 0.998 0.336 0.930 0.983 0.728 0.526 0.760 0.886 0.899 0.997 0 0 0 0 0 0 0 0 0 1 0 0 0 0 0 0 0 0 0 0
1.151 0.5000 0.7143 0.3571 0.2857 0.3571 0.7857 0.4286 0.5000 0.5000 0.4286 0.3571 0.5000 0.4286 0.2857 0.3571 0.4286 0.3571 0.4286 0.4286 0.6429 1.41 1.66 1.76 1.31 0.77 0.72 2.36 1.77 1.23 0.94 1.72 0.00 0.00 0.00 0.00 6.07 0.13 0.15 0.736 0.820 0.926 0.724 0.829 0.954 0.739 1.000 0.935 0.565 0.546 0.789 0.793 0.665 0.929 0.939 0.910 0.845 0.825 0.576 0 0 0 0 0 0 0 1 0 0 0 0 0 0 0 0 0 0 0 0
1.052 0.4286 0.8571 0.5000 0.4286 0.2143 0.4286 0.5714 0.3571 0.5714 0.2857 0.2857 0.5714 0.5000 0.3571 0.3571 0.5000 0.5714 0.2857 0.3571 0.2857 0.36 0.88 0.51 0.68 1.45 1.17 1.05 0.51 0.79 0.68 0.78 2.59 0.19 4.00 1.70 6.04 0.39 0.31 0.956 0.389 0.269 0.053 0.711 0.520 0.303 0.546 0.530 0.998 1.000 0.313 0.922 0.982 0.716 0.503 0.742 0.875 0.893 0.997 0 0 0 0 0 0 0 0 0 0 1 0 0 0 0 0 0 0 0 0
0.170 0.1429 0.0000 0.1429 0.0714 0.0714 0.2143 0.1429 0.1429 0.0000 0.0714 0.0000 0.0714 0.2143 -0.0714 0.0000 0.6429 1.0714 -0.0714 0.0000 0.2143 2.18 1.11 1.14 1.45 0.93 1.20 0.70 1.02 1.14 0.91 1.29 3.03 0.11 2.60 0.26 5.60 0.21 0.36 0.880 0.809 0.806 0.600 0.825 0.923 0.719 0.910 0.907 0.760 0.742 0.785 0.877 0.799 0.927 0.923 1.000 0.897 0.908 0.773 0 0 0 0 0 0 0 0 0 0 0 0 0 0 0 0 1 0 0 0
0.267 0.2857 0.0000 0.0000 -0.0714 0.0714 0.0000 0.0000 -0.0714 0.0000 0.4286 0.3571 0.0000 0.5714 0.5714 0.0000 0.1429 0.6429 0.2857 0.4286 1.0000 0.42 0.82 0.52 0.72 1.35 1.11 1.07 0.65 0.95 0.67 0.77 2.35 0.22 4.43 1.23 5.71 0.38 0.32 0.971 0.579 0.568 0.311 0.856 0.752 0.490 0.793 0.773 0.930 0.922 0.523 1.000 0.970 0.891 0.733 0.877 0.981 0.974 0.932 0 0 0 0 0 0 0 0 0 0 0 0 1 0 0 0 0 0 0 0
0.100 0.0000 -0.0714 -0.0714 -0.0714 -0.1429 0.0000 0.0000 -0.0714 -0.0714 -0.1429 -0.1429 0.0000 -0.1429 -0.2143 1.1429 0.0000 0.0000 -0.2143 -0.1429 -0.1429 1.00 1.00 1.00 1.00 1.00 1.00 1.00 1.84 0.63 2.15 1.05 2.67 0.00 2.72 0.72 6.80 0.13 0.34 0.861 0.798 0.822 0.604 0.852 0.930 0.727 0.929 0.909 0.728 0.716 0.727 0.891 0.800 1.000 0.898 0.927 0.941 0.940 0.740 0 0 0 0 0 0 0 0 0 0 0 0 0 0 1 0 0 0 0 0
0.228 0.2143 0.5000 0.7143 0.1429 0.1429 1.1429 0.2857 0.0000 0.1429 0.1429 0.0714 0.2143 0.2143 -0.0714 0.0000 0.2143 0.0714 -0.0714 0.1429 0.1429 0.60 0.78 1.04 1.38 0.83 1.00 1.21 0.95 1.27 0.93 0.67 1.56 0.18 3.95 -0.22 5.65 0.36 0.25 0.709 0.825 0.930 0.766 0.777 1.000 0.821 0.954 0.922 0.540 0.520 0.819 0.752 0.619 0.930 0.951 0.923 0.814 0.809 0.556 0 0 0 0 0 1 0 0 0 0 0 0 0 0 0 0 0 0 0 0
0.241 0.0714 -0.0714 -0.0714 -0.0714 0.0714 0.0000 -0.0714 -0.0714 -0.0714 1.0000 0.2857 0.0000 0.2143 0.1429 0.0000 0.1429 0.5000 -0.0714 0.0714 0.7857 0.26 1.06 0.66 0.99 1.70 0.68 0.46 0.61 0.87 0.61 0.77 3.67 0.14 3.00 1.22 6.02 0.27 0.49 0.968 0.417 0.310 0.092 0.737 0.556 0.335 0.576 0.569 0.997 0.997 0.347 0.932 0.984 0.740 0.542 0.773 0.888 0.904 1.000 0 0 0 0 0 0 0 0 0 0 0 0 0 0 0 0 0 0 0 1
0.186 0.0000 0.0714 -0.0714 0.0714 -0.0714 -0.0714 0.0714 -0.0714 0.0714 0.2143 0.2857 -0.0714 0.1429 1.1429 -0.1429 -0.0714 0.0000 0.8571 0.6429 0.0714 0.52 1.07 0.67 0.91 1.52 1.07 0.90 0.66 0.90 0.74 0.72 2.94 0.29 5.89 1.79 5.67 0.30 0.38 0.976 0.465 0.393 0.152 0.802 0.619 0.369 0.665 0.634 0.983 0.982 0.388 0.970 1.000 0.800 0.600 0.799 0.937 0.938 0.984 0 0 0 0 0 0 0 0 0 0 0 0 0 1 0 0 0 0 0 0
0.276 0.2857 0.0000 0.0000 0.0000 0.2857 0.0000 0.0000 0.0000 0.1429 1.0000 0.4286 0.1429 0.4286 0.5000 0.0000 0.1429 0.1429 0.0714 0.1429 0.7143 0.42 0.80 0.90 0.85 1.05 1.06 1.18 0.73 0.93 0.77 0.87 1.28 0.05 1.00 0.31 6.11 0.42 0.23 1.000 0.580 0.514 0.266 0.822 0.709 0.463 0.736 0.723 0.962 0.956 0.513 0.971 0.976 0.861 0.710 0.880 0.949 0.959 0.968 1 0 0 0 0 0 0 0 0 0 0 0 0 0 0 0 0 0 0 0
1.192 0.5000 0.4286 0.6429 0.5714 0.5714 0.4286 0.4286 0.7857 0.5000 0.3571 0.3571 0.4286 0.3571 0.3571 0.4286 0.4286 0.4286 0.3571 0.4286 0.3571 1.00 1.00 1.00 1.00 1.00 1.00 1.00 1.84 0.63 2.15 1.05 2.67 0.00 2.72 0.72 6.80 0.13 0.34 0.861 0.798 0.822 0.604 0.852 0.930 0.727 0.929 0.909 0.728 0.716 0.727 0.891 0.800 1.000 0.898 0.927 0.941 0.940 0.740 0 0 0 0 0 0 0 0 0 0 0 0 0 0 1 0 0 0 0 0
0.567 0.2143 0.2857 0.8571 0.9286 0.2143 0.2857 0.5714 0.2857 0.4286 0.2143 0.2143 0.5000 0.2143 0.2143 0.2857 0.3571 0.2857 0.2143 0.2143 0.2143 2.56 1.07 2.06 1.95 0.47 0.80 0.78 1.65 0.73 2.06 1.59 1.60 0.11 2.78 -0.77 2.95 0.25 0.20 0.266 0.566 0.844 1.000 0.431 0.766 0.932 0.724 0.689 0.068 0.053 0.571 0.311 0.152 0.604 0.754 0.600 0.404 0.403 0.092 0 0 0 1 0 0 0 0 0 0 0 0 0 0 0 0 0 0 0 0
0.821 0.4286 0.3571 0.5000 0.3571 0.2857 0.5714 0.5000 0.8571 0.4286 0.2857 0.3571 0.4286 0.2857 0.4286 0.3571 0.4286 0.3571 0.2857 0.4286 0.2857 1.41 1.66 1.76 1.31 0.77 0.72 2.36 1.77 1.23 0.94 1.72 0.00 0.00 0.00 0.00 6.07 0.13 0.15 0.736 0.820 0.926 0.724 0.829 0.954 0.739 1.000 0.935 0.565 0.546 0.789 0.793 0.665 0.929 0.939 0.910 0.845 0.825 0.576 0 0 0 0 0 0 0 1 0 0 0 0 0 0 0 0 0 0 0 0
0.827 0.2857 0.5714 0.4286 0.3571 0.1429 0.7143 0.6429 0.2143 0.4286 0.3571 0.2857 0.7857 0.3571 0.2143 0.2143 0.4286 0.6429 0.1429 0.2143 0.5000 2.56 1.13 1.49 1.10 0.65 1.43 1.19 0.98 1.03 1.23 1.28 1.31 0.06 1.60 -0.04 5.70 0.20 0.28 0.710 0.879 0.920 0.754 0.750 0.951 0.792 0.939 0.960 0.526 0.503 0.873 0.733 0.600 0.898 1.000 0.923 0.792 0.789 0.542 0 0 0 0 0 0 0 0 0 0 0 0 0 0 0 1 0 0 0 0
0.454 0.2143 0.5714 0.2143 0.0714 0.5000 0.2857 0.1429 0.2143 1.2143 0.2143 0.4286 0.1429 0.2857 0.6429 0.3571 0.2857 0.0714 0.4286 0.6429 0.1429 1.18 0.88 1.05 1.17 0.85 1.28 1.32 1.06 1.10 1.07 1.08 2.99 0.23 4.66 0.13 7.69 0.27 0.30 0.723 0.859 0.883 0.689 0.822 0.922 0.724 0.935 1.000 0.552 0.530 0.832 0.773 0.634 0.909 0.960 0.907 0.823 0.817 0.569 0 0 0 0 0 0 0 0 1 0 0 0 0 0 0 0 0 0 0 0
0.228 0.1429 -0.0714 -0.0714 -0.0714 0.2857 0.0000 0.0714 -0.0714 -0.0714 1.0000 0.4286 0.0000 0.3571 0.1429 0.0000 0.0000 0.1429 0.0000 0.0714 0.8571 0.29 0.89 0.53 0.71 1.78 0.73 0.48 0.50 0.85 0.62 0.60 4.19 0.19 4.00 1.80 6.04 0.30 0.45 0.962 0.405 0.292 0.068 0.730 0.540 0.314 0.565 0.552 1.000 0.998 0.336 0.930 0.983 0.728 0.526 0.760 0.886 0.899 0.997 0 0 0 0 0 0 0 0 0 1 0 0 0 0 0 0 0 0 0 0
0.118 0.2143 0.0000 0.2143 0.1429 -0.0714 0.0000 0.0000 1.0714 0.0000 -0.1429 0.0714 0.0000 -0.0714 -0.0714 0.0000 0.1429 0.0000 -0.0714 -0.0714 0.0714 1.41 1.66 1.76 1.31 0.77 0.72 2.36 1.77 1.23 0.94 1.72 0.00 0.00 0.00 0.00 6.07 0.13 0.15 0.736 0.820 0.926 0.724 0.829 0.954 0.739 1.000 0.935 0.565 0.546 0.789 0.793 0.665 0.929 0.939 0.910 0.845 0.825 0.576 0 0 0 0 0 0 0 1 0 0 0 0 0 0 0 0 0 0 0 0
0.118 0.1429 -0.0714 0.0714 0.2143 -0.0714 0.0000 0.0000 1.0714 0.0000 -0.1429 -0.1429 0.0000 -0.0714 -0.1429 -0.0714 0.2143 0.1429 -0.0714 -0.0714 -0.1429 1.41 1.66 1.76 1.31 0.77 0.72 2.36 1.77 1.23 0.94 1.72 0.00 0.00 0.00 0.00 6.07 0.13 0.15 0.736 0.820 0.926 0.724 0.829 0.954 0.739 1.000 0.935 0.565 0.546 0.789 0.793 0.665 0.929 0.939 0.910 0.845 0.825 0.576 0 0 0 0 0 0 0 1 0 0 0 0 0 0 0 0 0 0 0 0
0.602 0.4286 0.1429 0.5714 0.0714 1.0714 0.0714 0.0714 0.3571 0.5000 0.0714 0.1429 0.0714 0.2857 0.7857 0.0000 0.5714 0.1429 0.2857 0.8571 0.1429 0.52 1.07 0.67 0.91 1.52 1.07 0.90 0.66 0.90 0.74 0.72 2.94 0.29 5.89 1.79 5.67 0.30 0.38 0.976 0.465 0.393 0.152 0.802 0.619 0.369 0.665 0.634 0.983 0.982 0.388 0.970 1.000 0.800 0.600 0.799 0.937 0.938 0.984 0 0 0 0 0 0 0 0 0 0 0 0 0 1 0 0 0 0 0 0
0.286 0.0714 0.0714 0.3571 1.0000 0.0000 0.2143 0.5000 0.0714 0.0714 0.0000 -0.0714 0.2143 0.3571 -0.0714 0.0714 0.5714 0.6429 -0.0714 0.0000 0.0000 2.56 1.07 2.06 1.95 0.47 0.80 0.78 1.65 0.73 2.06 1.59 1.60 0.11 2.78 -0.77 2.95 0.25 0.20 0.266 0.566 0.844 1.000 0.431 0.766 0.932 0.724 0.689 0.068 0.053 0.571 0.311 0.152 0.604 0.754 0.600 0.404 0.403 0.092 0 0 0 1 0 0 0 0 0 0 0 0 0 0 0 0 0 0 0 0
0.287 0.3571 0.1429 0.4286 1.0000 -0.0714 0.5000 0.7143 0.1429 0.2857 0.0714 0.0000 0.3571 0.1429 -0.0714 0.0714 0.2143 0.1429 -0.0714 0.0000 0.0000 0.60 0.78 1.04 1.38 0.83 1.00 1.21 0.95 1.27 0.93 0.67 1.56 0.18 3.95 -0.22 5.65 0.36 0.25 0.709 0.825 0.930 0.766 0.777 1.000 0.821 0.954 0.922 0.540 0.520 0.819 0.752 0.619 0.930 0.951 0.923 0.814 0.809 0.556 0 0 0 0 0 1 0 0 0 0 0 0 0 0 0 0 0 0 0 0
0.280 0.1429 0.0714 0.0000 0.0000 0.1429 0.0714 0.0000 -0.0714 0.0000 0.5000 0.9286 0.0714 0.5714 0.6429 0.0000 0.0714 0.5714 0.0714 0.1429 0.4286 0.36 0.88 0.51 0.68 1.45 1.17 1.05 0.51 0.79 0.68 0.78 2.59 0.19 4.00 1.70 6.04 0.39 0.31 0.956 0.389 0.269 0.053 0.711 0.520 0.303 0.546 0.530 0.998 1.000 0.313 0.922 0.982 0.716 0.503 0.742 0.875 0.893 0.997 0 0 0 0 0 0 0 0 0 0 1 0 0 0 0 0 0 0 0 0
1.337 0.5000 0.6429 0.3571 0.3571 0.2143 0.6429 0.6429 0.2143 0.7143 0.3571 0.3571 0.5000 0.6429 0.4286 0.2143 0.4286 0.4286 0.3571 0.7143 0.5000 0.61 0.87 0.78 0.65 1.05 1.08 1.06 1.09 1.27 0.86 0.80 2.34 0.29 6.13 -1.01 10.74 0.36 0.25 0.580 1.000 0.814 0.566 0.605 0.825 0.601 0.820 0.859 0.405 0.389 0.959 0.579 0.465 0.798 0.879 0.809 0.658 0.687 0.417 0 1 0 0 0 0 0 0 0 0 0 0 0 0 0 0 0 0 0 0
0.444 0.9286 0.5000 0.2143 0.3571 0.1429 0.5714 0.5714 0.2143 0.2857 0.2143 0.1429 0.6429 0.2857 0.0714 0.2857 0.4286 0.2857 0.0714 0.1429 0.3571 0.58 0.93 1.94 1.63 0.40 0.93 0.80 0.83 1.12 0.93 0.74 1.56 0.15 3.78 -0.64 3.09 0.42 0.21 0.463 0.601 0.808 0.932 0.511 0.821 1.000 0.739 0.724 0.314 0.303 0.586 0.490 0.369 0.727 0.792 0.719 0.576 0.594 0.335 0 0 0 0 0 0 1 0 0 0 0 0 0 0 0 0 0 0 0 0
0.515 0.5000 0.2143 0.0714 0.0714 0.1429 0.1429 0.0714 0.0714 0.6429 0.4286 0.7857 0.1429 0.7143 0.7143 0.0714 0.2143 0.2143 0.7143 0.7857 0.3571 0.63 1.09 0.82 0.89 1.30 1.20 0.98 0.73 1.00 0.73 0.77 2.94 0.30 6.47 0.96 5.66 0.25 0.41 0.959 0.687 0.630 0.403 0.845 0.809 0.594 0.825 0.817 0.899 0.893 0.614 0.974 0.938 0.940 0.789 0.908 0.983 1.000 0.904 0 0 0 0 0 0 0 0 0 0 0 0 0 0 0 0 0 0 1 0
0.777 0.4286 0.2143 0.2857 0.1429 0.2143 0.3571 0.3571 0.1429 0.8571 0.5000 0.6429 0.2143 0.5000 0.7857 0.1429 0.2857 0.3571 0.2857 0.7143 0.6429 0.52 1.07 0.67 0.91 1.52 1.07 0.90 0.66 0.90 0.74 0.72 2.94 0.29 5.89 1.79 5.67 0.30 0.38 0.976 0.465 0.393 0.152 0.802 0.619 0.369 0.665 0.634 0.983 0.982 0.388 0.970 1.000 0.800 0.600 0.799 0.937 0.938 0.984 0 0 0 0 0 0 0 0 0 0 0 0 0 1 0 0 0 0 0 0
0.359 0.2857 0.7857 0.2857 0.3571 0.0714 0.6429 0.7857 0.2143 0.2857 0.1429 0.1429 0.8571 0.2143 0.0714 0.2143 0.2857 0.2857 0.1429 0.2143 0.1429 0.56 0.93 0.95 0.73 0.69 1.23 1.14 1.15 1.52 0.86 0.88 1.89 0.22 4.77 -0.99 9.99 0.32 0.27 0.513 0.959 0.821 0.571 0.549 0.819 0.586 0.789 0.832 0.336 0.313 1.000 0.523 0.388 0.727 0.873 0.785 0.584 0.614 0.347 0 0 0 0 0 0 0 0 0 0 0 1 0 0 0 0 0 0 0 0
7
3
3
3
3
3
7
7
5
5
5
6
7
7
0
0
0
0
0
0
0
0
0
0
0
0
5
5
7
7
3
3
3
3
3
6
7
6
4
5
5
4
7
7
0
0
0
0
0
0
0
0
0
0
0
5
7
6
7
6
5
5
7
7
6
7
3
3
3
7
5
5
6
7
3
3
3
6
0
0
0
0
0
0
0
5
7
36
0.174 0.4286 0.3571 0.4286 0.3571 0.3571 0.3571 0.3571 0.2857 0.2857 0.3571 0.2857 0.3571 0.3571 0.2143 0.3571 0.7143 0.9286 0.2143 0.2857 0.3571 2.18 1.11 1.14 1.45 0.93 1.20 0.70 1.02 1.14 0.91 1.29 3.03 0.11 2.60 0.26 5.60 0.21 0.36 0.880 0.809 0.806 0.600 0.825 0.923 0.719 0.910 0.907 0.760 0.742 0.785 0.877 0.799 0.927 0.923 1.000 0.897 0.908 0.773 0 0 0 0 0 0 0 0 0 0 0 0 0 0 0 0 1 0 0 0
0.378 0.7143 0.2857 0.2143 0.2143 0.2857 0.7143 0.2857 0.2857 0.2143 0.5000 0.3571 0.2857 0.3571 0.2143 0.2143 0.3571 0.4286 0.1429 0.2857 0.7857 0.60 0.78 1.04 1.38 0.83 1.00 1.21 0.95 1.27 0.93 0.67 1.56 0.18 3.95 -0.22 5.65 0.36 0.25 0.709 0.825 0.930 0.766 0.777 1.000 0.821 0.954 0.922 0.540 0.520 0.819 0.752 0.619 0.930 0.951 0.923 0.814 0.809 0.556 0 0 0 0 0 1 0 0 0 0 0 0 0 0 0 0 0 0 0 0
0.797 0.6429 0.2857 0.4286 0.3571 0.2857 0.5714 0.5000 0.5714 0.2857 0.2857 0.2857 0.5000 0.2857 0.2143 0.8571 0.5714 0.5714 0.1429 0.2143 0.2857 2.56 1.13 1.49 1.10 0.65 1.43 1.19 0.98 1.03 1.23 1.28 1.31 0.06 1.60 -0.04 5.70 0.20 0.28 0.710 0.879 0.920 0.754 0.750 0.951 0.792 0.939 0.960 0.526 0.503 0.873 0.733 0.600 0.898 1.000 0.923 0.792 0.789 0.542 0 0 0 0 0 0 0 0 0 0 0 0 0 0 0 1 0 0 0 0
1.060 0.5000 0.5714 0.3571 0.3571 0.2857 0.6429 0.4286 0.2857 0.7143 0.4286 0.5714 0.5714 0.5714 0.2857 0.6429 0.3571 0.4286 0.2143 0.3571 0.5000 1.18 0.88 1.05 1.17 0.85 1.28 1.32 1.06 1.10 1.07 1.08 2.99 0.23 4.66 0.13 7.69 0.27 0.30 0.723 0.859 0.883 0.689 0.822 0.922 0.724 0.935 1.000 0.552 0.530 0.832 0.773 0.634 0.909 0.960 0.907 0.823 0.817 0.569 0 0 0 0 0 0 0 0 1 0 0 0 0 0 0 0 0 0 0 0
0.236 0.1429 0.2857 0.0714 0.0000 0.0714 0.1429 0.0714 0.0714 0.2857 0.1429 0.1429 0.0714 0.1429 0.5000 0.0000 0.0714 0.1429 1.2857 1.0000 0.1429 0.63 1.09 0.82 0.89 1.30 1.20 0.98 0.73 1.00 0.73 0.77 2.94 0.30 6.47 0.96 5.66 0.25 0.41 0.959 0.687 0.630 0.403 0.845 0.809 0.594 0.825 0.817 0.899 0.893 0.614 0.974 0.938 0.940 0.789 0.908 0.983 1.000 0.904 0 0 0 0 0 0 0 0 0 0 0 0 0 0 0 0 0 0 1 0
0.401 0.6429 0.2143 0.3571 0.3571 0.2143 0.5000 0.4286 0.9286 0.3571 0.1429 0.1429 0.3571 0.2857 0.2857 0.2143 0.4286 0.2857 0.2143 0.5000 0.1429 1.41 1.66 1.76 1.31 0.77 0.72 2.36 1.77 1.23 0.94 1.72 0.00 0.00 0.00 0.00 6.07 0.13 0.15 0.736 0.820 0.926 0.724 0.829 0.954 0.739 1.000 0.935 0.565 0.546 0.789 0.793 0.665 0.929 0.939 0.910 0.845 0.825 0.576 0 0 0 0 0 0 0 1 0 0 0 0 0 0 0 0 0 0 0 0
0.144 0.2143 0.5000 0.2857 0.2143 0.0714 1.1429 0.3571 0.1429 0.2857 0.0714 0.0714 0.3571 0.2143 0.0000 0.1429 0.2143 0.3571 0.5714 0.1429 0.0714 0.60 0.78 1.04 1.38 0.83 1.00 1.21 0.95 1.27 0.93 0.67 1.56 0.18 3.95 -0.22 5.65 0.36 0.25 0.709 0.825 0.930 0.766 0.777 1.000 0.821 0.954 0.922 0.540 0.520 0.819 0.752 0.619 0.930 0.951 0.923 0.814 0.809 0.556 0 0 0 0 0 1 0 0 0 0 0 0 0 0 0 0 0 0 0 0
0.100 0.2143 -0.0714 0.0000 -0.0714 1.3571 0.0000 -0.0714 0.0000 0.0000 0.1429 0.1429 0.0000 0.1429 0.0714 0.0000 0.1429 0.1429 0.0714 0.0000 0.1429 0.95 0.68 0.60 0.74 1.21 1.06 1.11 0.82 0.80 0.92 1.20 1.77 0.13 2.43 1.54 6.35 0.17 0.41 0.822 0.605 0.650 0.431 1.000 0.777 0.511 0.829 0.822 0.730 0.711 0.549 0.856 0.802 0.852 0.750 0.825 0.892 0.845 0.737 0 0 0 0 1 0 0 0 0 0 0 0 0 0 0 0 0 0 0 0
0.126 0.4286 0.1429 0.2857 0.3571 0.0714 0.1429 0.1429 1.0000 0.1429 0.0000 0.0000 0.1429 0.0714 0.0714 0.1429 0.2857 0.1429 0.0714 0.0714 0.0714 1.41 1.66 1.76 1.31 0.77 0.72 2.36 1.77 1.23 0.94 1.72 0.00 0.00 0.00 0.00 6.07 0.13 0.15 0.736 0.820 0.926 0.724 0.829 0.954 0.739 1.000 0.935 0.565 0.546 0.789 0.793 0.665 0.929 0.939 0.910 0.845 0.825 0.576 0 0 0 0 0 0 0 1 0 0 0 0 0 0 0 0 0 0 0 0
0.114 0.2857 0.3571 0.2143 0.1429 0.0714 0.1429 0.1429 1.0000 0.1429 0.0000 0.0000 0.1429 0.0714 0.0714 0.1429 0.2857 0.1429 0.0714 0.0714 0.0000 1.41 1.66 1.76 1.31 0.77 0.72 2.36 1.77 1.23 0.94 1.72 0.00 0.00 0.00 0.00 6.07 0.13 0.15 0.736 0.820 0.926 0.724 0.829 0.954 0.739 1.000 0.935 0.565 0.546 0.789 0.793 0.665 0.929 0.939 0.910 0.845 0.825 0.576 0 0 0 0 0 0 0 1 0 0 0 0 0 0 0 0 0 0 0 0
1.065 0.4286 0.4286 0.6429 0.3571 0.2857 0.7143 0.5000 0.2857 0.3571 0.7143 0.5000 0.5000 0.5714 0.2857 0.3571 0.5000 0.5714 0.2143 0.2857 0.5000 0.29 0.89 0.53 0.71 1.78 0.73 0.48 0.50 0.85 0.62 0.60 4.19 0.19 4.00 1.80 6.04 0.30 0.45 0.962 0.405 0.292 0.068 0.730 0.540 0.314 0.565 0.552 1.000 0.998 0.336 0.930 0.983 0.728 0.526 0.760 0.886 0.899 0.997 0 0 0 0 0 0 0 0 0 1 0 0 0 0 0 0 0 0 0 0
0.399 0.4286 0.2143 0.7857 0.3571 0.1429 0.3571 0.4286 0.9286 0.3571 0.1429 0.1429 0.2857 0.2857 0.1429 0.2143 0.4286 0.3571 0.1429 0.3571 0.2857 1.41 1.66 1.76 1.31 0.77 0.72 2.36 1.77 1.23 0.94 1.72 0.00 0.00 0.00 0.00 6.07 0.13 0.15 0.736 0.820 0.926 0.724 0.829 0.954 0.739 1.000 0.935 0.565 0.546 0.789 0.793 0.665 0.929 0.939 0.910 0.845 0.825 0.576 0 0 0 0 0 0 0 1 0 0 0 0 0 0 0 0 0 0 0 0
0.300 0.0714 0.0714 0.0714 0.0000 0.0714 0.1429 0.0714 0.0714 0.6429 0.1429 0.1429 0.0714 0.1429 0.7143 0.0000 0.0714 0.0714 1.2857 1.0000 0.1429 0.63 1.09 0.82 0.89 1.30 1.20 0.98 0.73 1.00 0.73 0.77 2.94 0.30 6.47 0.96 5.66 0.25 0.41 0.959 0.687 0.630 0.403 0.845 0.809 0.594 0.825 0.817 0.899 0.893 0.614 0.974 0.938 0.940 0.789 0.908 0.983 1.000 0.904 0 0 0 0 0 0 0 0 0 0 0 0 0 0 0 0 0 0 1 0
0.528 0.5000 0.2857 0.6429 0.4286 0.2857 0.4286 0.3571 0.2857 0.4286 0.2143 0.2857 0.4286 0.2857 0.2143 0.2857 0.7143 0.8571 0.1429 0.3571 0.3571 2.56 1.13 1.49 1.10 0.65 1.43 1.19 0.98 1.03 1.23 1.28 1.31 0.06 1.60 -0.04 5.70 0.20 0.28 0.710 0.879 0.920 0.754 0.750 0.951 0.792 0.939 0.960 0.526 0.503 0.873 0.733 0.600 0.898 1.000 0.923 0.792 0.789 0.542 0 0 0 0 0 0 0 0 0 0 0 0 0 0 0 1 0 0 0 0
0.139 0.4286 0.1429 0.2857 0.2143 0.0714 0.1429 0.1429 1.0000 0.1429 0.0000 0.0000 0.1429 0.0714 0.0714 0.1429 0.3571 0.3571 0.0714 0.0714 0.0714 1.41 1.66 1.76 1.31 0.77 0.72 2.36 1.77 1.23 0.94 1.72 0.00 0.00 0.00 0.00 6.07 0.13 0.15 0.736 0.820 0.926 0.724 0.829 0.954 0.739 1.000 0.935 0.565 0.546 0.789 0.793 0.665 0.929 0.939 0.910 0.845 0.825 0.576 0 0 0 0 0 0 0 1 0 0 0 0 0 0 0 0 0 0 0 0
0.642 0.6429 0.2857 0.3571 0.4286 0.6429 0.3571 0.4286 0.5000 0.2143 0.2143 0.2143 0.3571 0.2143 0.1429 0.9286 0.6429 0.4286 0.1429 0.1429 0.2143 1.00 1.00 1.00 1.00 1.00 1.00 1.00 1.84 0.63 2.15 1.05 2.67 0.00 2.72 0.72 6.80 0.13 0.34 0.861 0.798 0.822 0.604 0.852 0.930 0.727 0.929 0.909 0.728 0.716 0.727 0.891 0.800 1.000 0.898 0.927 0.941 0.940 0.740 0 0 0 0 0 0 0 0 0 0 0 0 0 0 1 0 0 0 0 0
0.321 0.3571 0.2143 0.3571 0.2143 0.2143 0.3571 0.2143 0.4286 0.2143 0.2143 0.2857 0.5714 0.3571 0.3571 0.3571 0.5000 1.0000 0.1429 0.2143 0.2857 2.18 1.11 1.14 1.45 0.93 1.20 0.70 1.02 1.14 0.91 1.29 3.03 0.11 2.60 0.26 5.60 0.21 0.36 0.880 0.809 0.806 0.600 0.825 0.923 0.719 0.910 0.907 0.760 0.742 0.785 0.877 0.799 0.927 0.923 1.000 0.897 0.908 0.773 0 0 0 0 0 0 0 0 0 0 0 0 0 0 0 0 1 0 0 0
0.968 0.5714 0.3571 0.5000 0.3571 0.9286 0.5714 0.4286 0.3571 0.2857 0.3571 0.3571 0.3571 0.4286 0.3571 0.2857 0.5714 0.7143 0.2143 0.2857 0.5000 0.26 1.06 0.66 0.99 1.70 0.68 0.46 0.61 0.87 0.61 0.77 3.67 0.14 3.00 1.22 6.02 0.27 0.49 0.968 0.417 0.310 0.092 0.737 0.556 0.335 0.576 0.569 0.997 0.997 0.347 0.932 0.984 0.740 0.542 0.773 0.888 0.904 1.000 0 0 0 0 0 0 0 0 0 0 0 0 0 0 0 0 0 0 0 1
0.100 0.2143 -0.0714 0.0000 -0.0714 1.3571 0.0000 -0.0714 0.0000 0.0000 0.1429 0.1429 0.0000 0.1429 0.0000 0.0000 0.1429 0.1429 0.0714 0.0000 0.1429 0.95 0.68 0.60 0.74 1.21 1.06 1.11 0.82 0.80 0.92 1.20 1.77 0.13 2.43 1.54 6.35 0.17 0.41 0.822 0.605 0.650 0.431 1.000 0.777 0.511 0.829 0.822 0.730 0.711 0.549 0.856 0.802 0.852 0.750 0.825 0.892 0.845 0.737 0 0 0 0 1 0 0 0 0 0 0 0 0 0 0 0 0 0 0 0
0.820 0.7143 0.3571 0.3571 0.3571 0.2857 0.5714 0.5714 0.4286 0.4286 0.4286 0.3571 0.3571 0.3571 0.2857 0.5000 0.5000 0.5714 0.2143 0.2857 0.7143 0.42 0.80 0.90 0.85 1.05 1.06 1.18 0.73 0.93 0.77 0.87 1.28 0.05 1.00 0.31 6.11 0.42 0.23 1.000 0.580 0.514 0.266 0.822 0.709 0.463 0.736 0.723 0.962 0.956 0.513 0.971 0.976 0.861 0.710 0.880 0.949 0.959 0.968 1 0 0 0 0 0 0 0 0 0 0 0 0 0 0 0 0 0 0 0
0.574 0.6429 0.2857 0.4286 0.5000 0.2857 0.5714 0.5000 0.4286 0.2857 0.2143 0.2143 0.4286 0.3571 0.1429 0.5000 0.8571 0.5714 0.1429 0.2143 0.2857 2.56 1.13 1.49 1.10 0.65 1.43 1.19 0.98 1.03 1.23 1.28 1.31 0.06 1.60 -0.04 5.70 0.20 0.28 0.710 0.879 0.920 0.754 0.750 0.951 0.792 0.939 0.960 0.526 0.503 0.873 0.733 0.600 0.898 1.000 0.923 0.792 0.789 0.542 0 0 0 0 0 0 0 0 0 0 0 0 0 0 0 1 0 0 0 0
0.275 0.3571 0.2857 0.3571 0.2143 0.1429 0.2857 0.2143 0.9286 0.1429 0.0714 0.0714 0.2143 0.1429 0.0714 0.7857 0.3571 0.2143 0.1429 0.1429 0.3571 1.41 1.66 1.76 1.31 0.77 0.72 2.36 1.77 1.23 0.94 1.72 0.00 0.00 0.00 0.00 6.07 0.13 0.15 0.736 0.820 0.926 0.724 0.829 0.954 0.739 1.000 0.935 0.565 0.546 0.789 0.793 0.665 0.929 0.939 0.910 0.845 0.825 0.576 0 0 0 0 0 0 0 1 0 0 0 0 0 0 0 0 0 0 0 0
0.786 0.5714 0.2857 0.5000 0.3571 0.5000 0.3571 0.3571 0.3571 0.5000 0.2857 0.3571 0.2857 0.3571 0.5714 0.2857 0.6429 0.5714 0.7857 0.8571 0.2857 2.18 1.11 1.14 1.45 0.93 1.20 0.70 1.02 1.14 0.91 1.29 3.03 0.11 2.60 0.26 5.60 0.21 0.36 0.880 0.809 0.806 0.600 0.825 0.923 0.719 0.910 0.907 0.760 0.742 0.785 0.877 0.799 0.927 0.923 1.000 0.897 0.908 0.773 0 0 0 0 0 0 0 0 0 0 0 0 0 0 0 0 1 0 0 0
0.743 0.4286 0.3571 0.3571 0.3571 0.6429 0.5000 0.3571 0.2857 0.4286 0.3571 0.3571 0.6429 0.3571 0.2857 0.3571 0.5714 0.8571 0.3571 0.5000 0.5000 2.18 1.11 1.14 1.45 0.93 1.20 0.70 1.02 1.14 0.91 1.29 3.03 0.11 2.60 0.26 5.60 0.21 0.36 0.880 0.809 0.806 0.600 0.825 0.923 0.719 0.910 0.907 0.760 0.742 0.785 0.877 0.799 0.927 0.923 1.000 0.897 0.908 0.773 0 0 0 0 0 0 0 0 0 0 0 0 0 0 0 0 1 0 0 0
0.131 0.2143 0.3571 0.0714 0.0000 1.3571 0.0714 0.0000 0.0714 0.0000 0.1429 0.1429 0.3571 0.1429 0.0714 0.0000 0.1429 0.1429 0.0714 0.0714 0.1429 0.95 0.68 0.60 0.74 1.21 1.06 1.11 0.82 0.80 0.92 1.20 1.77 0.13 2.43 1.54 6.35 0.17 0.41 0.822 0.605 0.650 0.431 1.000 0.777 0.511 0.829 0.822 0.730 0.711 0.549 0.856 0.802 0.852 0.750 0.825 0.892 0.845 0.737 0 0 0 0 1 0 0 0 0 0 0 0 0 0 0 0 0 0 0 0
0.826 0.4286 0.5000 0.4286 0.2857 0.2857 0.6429 0.4286 0.2143 0.5000 0.4286 0.4286 0.6429 0.4286 0.2857 0.2857 0.5000 0.7143 0.1429 0.2857 0.7143 0.60 0.78 1.04 1.38 0.83 1.00 1.21 0.95 1.27 0.93 0.67 1.56 0.18 3.95 -0.22 5.65 0.36 0.25 0.709 0.825 0.930 0.766 0.777 1.000 0.821 0.954 0.922 0.540 0.520 0.819 0.752 0.619 0.930 0.951 0.923 0.814 0.809 0.556 0 0 0 0 0 1 0 0 0 0 0 0 0 0 0 0 0 0 0 0
1.026 0.5714 0.4286 0.3571 0.3571 0.2857 0.5000 0.5000 0.2857 0.4286 0.4286 0.3571 0.6429 0.4286 0.5714 0.4286 0.5714 0.5000 0.2857 0.7143 0.6429 0.26 1.06 0.66 0.99 1.70 0.68 0.46 0.61 0.87 0.61 0.77 3.67 0.14 3.00 1.22 6.02 0.27 0.49 0.968 0.417 0.310 0.092 0.737 0.556 0.335 0.576 0.569 0.997 0.997 0.347 0.932 0.984 0.740 0.542 0.773 0.888 0.904 1.000 0 0 0 0 0 0 0 0 0 0 0 0 0 0 0 0 0 0 0 1
1.127 0.4286 0.3571 0.3571 0.3571 0.2857 0.7143 0.4286 0.4286 0.4286 0.5714 0.5714 0.3571 0.5714 0.5714 0.2857 0.5714 0.4286 0.7143 0.5714 0.5714 0.36 0.88 0.51 0.68 1.45 1.17 1.05 0.51 0.79 0.68 0.78 2.59 0.19 4.00 1.70 6.04 0.39 0.31 0.956 0.389 0.269 0.053 0.711 0.520 0.303 0.546 0.530 0.998 1.000 0.313 0.922 0.982 0.716 0.503 0.742 0.875 0.893 0.997 0 0 0 0 0 0 0 0 0 0 1 0 0 0 0 0 0 0 0 0
0.227 0.1429 0.2143 1.0714 0.5000 0.0714 0.2857 0.2143 0.3571 0.6429 0.0000 0.0000 0.2143 0.0714 0.0714 0.4286 0.5000 0.2857 0.0000 0.1429 0.0714 2.24 0.78 1.16 0.94 0.63 1.52 1.68 1.58 0.98 1.55 1.71 1.60 0.13 2.95 -0.60 6.52 0.21 0.22 0.514 0.814 1.000 0.844 0.650 0.930 0.808 0.926 0.883 0.292 0.269 0.821 0.568 0.393 0.822 0.920 0.806 0.641 0.630 0.310 0 0 1 0 0 0 0 0 0 0 0 0 0 0 0 0 0 0 0 0
0.767 0.5000 0.3571 0.3571 0.7857 0.1429 0.7143 0.6429 0.2857 0.3571 0.2143 0.1429 0.3571 0.2143 0.1429 0.7857 0.5000 0.3571 0.1429 0.2857 0.2857 1.00 1.00 1.00 1.00 1.00 1.00 1.00 1.84 0.63 2.15 1.05 2.67 0.00 2.72 0.72 6.80 0.13 0.34 0.861 0.798 0.822 0.604 0.852 0.930 0.727 0.929 0.909 0.728 0.716 0.727 0.891 0.800 1.000 0.898 0.927 0.941 0.940 0.740 0 0 0 0 0 0 0 0 0 0 0 0 0 0 1 0 0 0 0 0
0.358 0.2857 0.1429 0.0714 0.0714 0.1429 0.1429 0.2143 0.0714 0.4286 0.2857 0.2143 0.4286 0.2143 0.6429 0.0714 0.1429 0.1429 1.2143 1.0000 0.1429 0.63 1.09 0.82 0.89 1.30 1.20 0.98 0.73 1.00 0.73 0.77 2.94 0.30 6.47 0.96 5.66 0.25 0.41 0.959 0.687 0.630 0.403 0.845 0.809 0.594 0.825 0.817 0.899 0.893 0.614 0.974 0.938 0.940 0.789 0.908 0.983 1.000 0.904 0 0 0 0 0 0 0 0 0 0 0 0 0 0 0 0 0 0 1 0
0.169 0.1429 0.0714 0.0714 0.0000 0.4286 0.1429 0.0714 0.0000 0.4286 0.1429 0.1429 0.0714 0.1429 0.5714 0.0000 0.2143 0.1429 0.7143 1.2143 0.2143 0.63 1.09 0.82 0.89 1.30 1.20 0.98 0.73 1.00 0.73 0.77 2.94 0.30 6.47 0.96 5.66 0.25 0.41 0.959 0.687 0.630 0.403 0.845 0.809 0.594 0.825 0.817 0.899 0.893 0.614 0.974 0.938 0.940 0.789 0.908 0.983 1.000 0.904 0 0 0 0 0 0 0 0 0 0 0 0 0 0 0 0 0 0 1 0
0.292 0.5000 0.3571 0.2857 0.2857 0.2143 0.2857 0.2857 0.3571 0.7857 0.1429 0.1429 0.2857 0.2143 0.4286 0.2143 0.9286 0.3571 0.5714 0.6429 0.2143 2.56 1.13 1.49 1.10 0.65 1.43 1.19 0.98 1.03 1.23 1.28 1.31 0.06 1.60 -0.04 5.70 0.20 0.28 0.710 0.879 0.920 0.754 0.750 0.951 0.792 0.939 0.960 0.526 0.503 0.873 0.733 0.600 0.898 1.000 0.923 0.792 0.789 0.542 0 0 0 0 0 0 0 0 0 0 0 0 0 0 0 1 0 0 0 0
0.171 0.2857 0.2857 0.4286 0.2143 0.0000 1.1429 0.3571 0.1429 0.5000 0.2857 0.2143 0.3571 0.2143 0.0000 0.1429 0.3571 0.2143 0.0714 0.1429 0.0714 0.60 0.78 1.04 1.38 0.83 1.00 1.21 0.95 1.27 0.93 0.67 1.56 0.18 3.95 -0.22 5.65 0.36 0.25 0.709 0.825 0.930 0.766 0.777 1.000 0.821 0.954 0.922 0.540 0.520 0.819 0.752 0.619 0.930 0.951 0.923 0.814 0.809 0.556 0 0 0 0 0 1 0 0 0 0 0 0 0 0 0 0 0 0 0 0
0.114 0.2143 0.0000 0.0000 -0.0714 1.3571 0.0000 -0.0714 0.0000 0.0000 0.1429 0.1429 0.0000 0.1429 0.0714 0.0000 0.1429 0.1429 0.0714 0.4286 0.1429 0.95 0.68 0.60 0.74 1.21 1.06 1.11 0.82 0.80 0.92 1.20 1.77 0.13 2.43 1.54 6.35 0.17 0.41 0.822 0.605 0.650 0.431 1.000 0.777 0.511 0.829 0.822 0.730 0.711 0.549 0.856 0.802 0.852 0.750 0.825 0.892 0.845 0.737 0 0 0 0 1 0 0 0 0 0 0 0 0 0 0 0 0 0 0 0
0.281 0.2857 0.2143 0.1429 0.1429 0.2857 0.2143 0.1429 0.0714 0.1429 0.7143 0.7857 0.2143 0.5000 0.3571 0.1429 0.2143 0.2857 0.2143 0.2857 0.7857 0.36 0.88 0.51 0.68 1.45 1.17 1.05 0.51 0.79 0.68 0.78 2.59 0.19 4.00 1.70 6.04 0.39 0.31 0.956 0.389 0.269 0.053 0.711 0.520 0.303 0.546 0.530 0.998 1.000 0.313 0.922 0.982 0.716 0.503 0.742 0.875 0.893 0.997 0 0 0 0 0 0 0 0 0 0 1 0 0 0 0 0 0 0 0 0
7
7
7
5
5
7
3
3
3
7
5
5
7
7
6
7
7
7
7
7
5
5
7
7
3
3
3
3
3
5
5
3
3
3
3
7
35
0.242 0.4286 0.5000 0.4286 0.6429 0.2143 0.7143 0.8571 0.2857 0.4286 0.2143 0.2857 0.5714 0.3571 0.2143 0.3571 0.4286 0.4286 0.2857 0.2857 0.2857 0.58 0.93 1.94 1.63 0.40 0.93 0.80 0.83 1.12 0.93 0.74 1.56 0.15 3.78 -0.64 3.09 0.42 0.21 0.463 0.601 0.808 0.932 0.511 0.821 1.000 0.739 0.724 0.314 0.303 0.586 0.490 0.369 0.727 0.792 0.719 0.576 0.594 0.335 0 0 0 0 0 0 1 0 0 0 0 0 0 0 0 0 0 0 0 0
0.100 0.3571 0.4286 0.4286 0.5714 0.1429 0.5714 0.9286 0.2857 0.4286 0.2143 0.2143 0.5000 0.2857 0.2143 0.3571 0.4286 0.3571 0.2143 0.2857 0.2857 0.58 0.93 1.94 1.63 0.40 0.93 0.80 0.83 1.12 0.93 0.74 1.56 0.15 3.78 -0.64 3.09 0.42 0.21 0.463 0.601 0.808 0.932 0.511 0.821 1.000 0.739 0.724 0.314 0.303 0.586 0.490 0.369 0.727 0.792 0.719 0.576 0.594 0.335 0 0 0 0 0 0 1 0 0 0 0 0 0 0 0 0 0 0 0 0
0.100 0.2857 0.3571 0.5714 1.0000 0.2143 0.4286 0.5714 0.3571 0.3571 0.2143 0.1429 0.4286 0.2143 0.2143 0.3571 0.4286 0.3571 0.1429 0.2143 0.2143 2.56 1.07 2.06 1.95 0.47 0.80 0.78 1.65 0.73 2.06 1.59 1.60 0.11 2.78 -0.77 2.95 0.25 0.20 0.266 0.566 0.844 1.000 0.431 0.766 0.932 0.724 0.689 0.068 0.053 0.571 0.311 0.152 0.604 0.754 0.600 0.404 0.403 0.092 0 0 0 1 0 0 0 0 0 0 0 0 0 0 0 0 0 0 0 0
0.110 0.3571 0.2857 0.2857 0.3571 0.2143 0.4286 0.3571 0.2857 0.2857 0.2143 0.2143 0.3571 0.2857 0.1429 1.0714 0.3571 0.3571 0.1429 0.2143 0.2857 1.00 1.00 1.00 1.00 1.00 1.00 1.00 1.84 0.63 2.15 1.05 2.67 0.00 2.72 0.72 6.80 0.13 0.34 0.861 0.798 0.822 0.604 0.852 0.930 0.727 0.929 0.909 0.728 0.716 0.727 0.891 0.800 1.000 0.898 0.927 0.941 0.940 0.740 0 0 0 0 0 0 0 0 0 0 0 0 0 0 1 0 0 0 0 0
0.183 0.5000 0.3571 0.5000 0.4286 0.3571 0.4286 0.4286 0.3571 0.3571 0.3571 0.3571 0.4286 0.3571 0.2857 0.3571 0.7143 0.8571 0.2857 0.3571 0.4286 2.18 1.11 1.14 1.45 0.93 1.20 0.70 1.02 1.14 0.91 1.29 3.03 0.11 2.60 0.26 5.60 0.21 0.36 0.880 0.809 0.806 0.600 0.825 0.923 0.719 0.910 0.907 0.760 0.742 0.785 0.877 0.799 0.927 0.923 1.000 0.897 0.908 0.773 0 0 0 0 0 0 0 0 0 0 0 0 0 0 0 0 1 0 0 0
0.118 0.2857 0.2143 0.2143 0.2143 0.2857 0.2143 0.2143 0.2143 0.3571 0.4286 0.5000 0.2143 0.4286 1.0714 0.1429 0.2857 0.2857 0.5000 0.7143 0.3571 0.52 1.07 0.67 0.91 1.52 1.07 0.90 0.66 0.90 0.74 0.72 2.94 0.29 5.89 1.79 5.67 0.30 0.38 0.976 0.465 0.393 0.152 0.802 0.619 0.369 0.665 0.634 0.983 0.982 0.388 0.970 1.000 0.800 0.600 0.799 0.937 0.938 0.984 0 0 0 0 0 0 0 0 0 0 0 0 0 1 0 0 0 0 0 0
0.275 0.3571 0.9286 0.5000 0.3571 0.2143 0.6429 0.5000 0.2857 0.4286 0.2857 0.2857 0.7143 0.3571 0.2143 0.3571 0.4286 0.4286 0.2857 0.3571 0.2857 0.61 0.87 0.78 0.65 1.05 1.08 1.06 1.09 1.27 0.86 0.80 2.34 0.29 6.13 -1.01 10.74 0.36 0.25 0.580 1.000 0.814 0.566 0.605 0.825 0.601 0.820 0.859 0.405 0.389 0.959 0.579 0.465 0.798 0.879 0.809 0.658 0.687 0.417 0 1 0 0 0 0 0 0 0 0 0 0 0 0 0 0 0 0 0 0
0.252 0.5000 0.2857 0.2857 0.2857 0.4286 0.3571 0.2857 0.2857 0.2857 0.6429 0.5000 0.2857 0.5714 0.4286 0.2857 0.4286 0.5714 0.2857 0.3571 0.7857 0.26 1.06 0.66 0.99 1.70 0.68 0.46 0.61 0.87 0.61 0.77 3.67 0.14 3.00 1.22 6.02 0.27 0.49 0.968 0.417 0.310 0.092 0.737 0.556 0.335 0.576 0.569 0.997 0.997 0.347 0.932 0.984 0.740 0.542 0.773 0.888 0.904 1.000 0 0 0 0 0 0 0 0 0 0 0 0 0 0 0 0 0 0 0 1
0.912 0.4286 0.6429 0.5000 0.4286 0.2857 0.5714 0.5000 0.3571 0.7857 0.2857 0.3571 0.6429 0.4286 0.5000 0.3571 0.5714 0.5714 0.5000 0.6429 0.3571 2.56 1.13 1.49 1.10 0.65 1.43 1.19 0.98 1.03 1.23 1.28 1.31 0.06 1.60 -0.04 5.70 0.20 0.28 0.710 0.879 0.920 0.754 0.750 0.951 0.792 0.939 0.960 0.526 0.503 0.873 0.733 0.600 0.898 1.000 0.923 0.792 0.789 0.542 0 0 0 0 0 0 0 0 0 0 0 0 0 0 0 1 0 0 0 0
0.207 0.4286 0.3571 0.5000 0.3571 0.3571 0.4286 0.3571 0.7143 0.3571 0.3571 0.3571 0.4286 0.3571 0.2857 0.3571 0.5714 0.8571 0.2857 0.2857 0.4286 2.18 1.11 1.14 1.45 0.93 1.20 0.70 1.02 1.14 0.91 1.29 3.03 0.11 2.60 0.26 5.60 0.21 0.36 0.880 0.809 0.806 0.600 0.825 0.923 0.719 0.910 0.907 0.760 0.742 0.785 0.877 0.799 0.927 0.923 1.000 0.897 0.908 0.773 0 0 0 0 0 0 0 0 0 0 0 0 0 0 0 0 1 0 0 0
0.123 0.3571 0.5000 0.5000 0.4286 0.2143 1.0000 0.6429 0.2857 0.5000 0.2143 0.2857 0.5714 0.4286 0.2143 0.3571 0.4286 0.4286 0.2857 0.3571 0.2857 0.60 0.78 1.04 1.38 0.83 1.00 1.21 0.95 1.27 0.93 0.67 1.56 0.18 3.95 -0.22 5.65 0.36 0.25 0.709 0.825 0.930 0.766 0.777 1.000 0.821 0.954 0.922 0.540 0.520 0.819 0.752 0.619 0.930 0.951 0.923 0.814 0.809 0.556 0 0 0 0 0 1 0 0 0 0 0 0 0 0 0 0 0 0 0 0
0.113 0.4286 0.3571 0.4286 0.3571 0.3571 0.4286 0.3571 0.3571 0.2857 0.4286 0.3571 0.4286 0.4286 0.2857 0.3571 0.5714 0.9286 0.2857 0.3571 0.5000 2.18 1.11 1.14 1.45 0.93 1.20 0.70 1.02 1.14 0.91 1.29 3.03 0.11 2.60 0.26 5.60 0.21 0.36 0.880 0.809 0.806 0.600 0.825 0.923 0.719 0.910 0.907 0.760 0.742 0.785 0.877 0.799 0.927 0.923 1.000 0.897 0.908 0.773 0 0 0 0 0 0 0 0 0 0 0 0 0 0 0 0 1 0 0 0
0.240 0.3571 0.2857 0.2143 0.2143 0.3571 0.2857 0.2857 0.2143 0.2143 0.8571 0.6429 0.2857 0.5714 0.4286 0.2857 0.2857 0.4286 0.2857 0.3571 0.7143 0.29 0.89 0.53 0.71 1.78 0.73 0.48 0.50 0.85 0.62 0.60 4.19 0.19 4.00 1.80 6.04 0.30 0.45 0.962 0.405 0.292 0.068 0.730 0.540 0.314 0.565 0.552 1.000 0.998 0.336 0.930 0.983 0.728 0.526 0.760 0.886 0.899 0.997 0 0 0 0 0 0 0 0 0 1 0 0 0 0 0 0 0 0 0 0
0.133 0.3571 0.2143 0.2143 0.2143 0.3571 0.2857 0.2143 0.1429 0.2143 0.9286 0.5714 0.2857 0.5714 0.4286 0.2143 0.2857 0.4286 0.2857 0.3571 0.6429 0.29 0.89 0.53 0.71 1.78 0.73 0.48 0.50 0.85 0.62 0.60 4.19 0.19 4.00 1.80 6.04 0.30 0.45 0.962 0.405 0.292 0.068 0.730 0.540 0.314 0.565 0.552 1.000 0.998 0.336 0.930 0.983 0.728 0.526 0.760 0.886 0.899 0.997 0 0 0 0 0 0 0 0 0 1 0 0 0 0 0 0 0 0 0 0
0.439 0.7143 0.5000 0.4286 0.4286 0.4286 0.5000 0.5000 0.5714 0.4286 0.2857 0.2857 0.5000 0.3571 0.2857 0.4286 0.7143 0.5000 0.4286 0.3571 0.3571 2.56 1.13 1.49 1.10 0.65 1.43 1.19 0.98 1.03 1.23 1.28 1.31 0.06 1.60 -0.04 5.70 0.20 0.28 0.710 0.879 0.920 0.754 0.750 0.951 0.792 0.939 0.960 0.526 0.503 0.873 0.733 0.600 0.898 1.000 0.923 0.792 0.789 0.542 0 0 0 0 0 0 0 0 0 0 0 0 0 0 0 1 0 0 0 0
0.100 0.5000 0.2857 0.4286 0.3571 0.2857 0.2857 0.2857 1.0000 0.2857 0.1429 0.1429 0.3571 0.2143 0.2143 0.2857 0.4286 0.3571 0.2857 0.2143 0.2143 1.41 1.66 1.76 1.31 0.77 0.72 2.36 1.77 1.23 0.94 1.72 0.00 0.00 0.00 0.00 6.07 0.13 0.15 0.736 0.820 0.926 0.724 0.829 0.954 0.739 1.000 0.935 0.565 0.546 0.789 0.793 0.665 0.929 0.939 0.910 0.845 0.825 0.576 0 0 0 0 0 0 0 1 0 0 0 0 0 0 0 0 0 0 0 0
0.113 0.3571 0.3571 0.2857 0.2143 0.3571 0.4286 0.2857 0.2143 0.2857 0.5000 0.5714 0.3571 1.1429 0.4286 0.2143 0.3571 0.3571 0.3571 0.3571 0.5000 0.42 0.82 0.52 0.72 1.35 1.11 1.07 0.65 0.95 0.67 0.77 2.35 0.22 4.43 1.23 5.71 0.38 0.32 0.971 0.579 0.568 0.311 0.856 0.752 0.490 0.793 0.773 0.930 0.922 0.523 1.000 0.970 0.891 0.733 0.877 0.981 0.974 0.932 0 0 0 0 0 0 0 0 0 0 0 0 1 0 0 0 0 0 0 0
0.100 0.5000 0.2857 0.4286 0.3571 0.2857 0.2857 0.2857 1.0000 0.2857 0.1429 0.1429 0.3571 0.2143 0.2143 0.2857 0.4286 0.3571 0.2857 0.2143 0.2143 1.41 1.66 1.76 1.31 0.77 0.72 2.36 1.77 1.23 0.94 1.72 0.00 0.00 0.00 0.00 6.07 0.13 0.15 0.736 0.820 0.926 0.724 0.829 0.954 0.739 1.000 0.935 0.565 0.546 0.789 0.793 0.665 0.929 0.939 0.910 0.845 0.825 0.576 0 0 0 0 0 0 0 1 0 0 0 0 0 0 0 0 0 0 0 0
0.100 0.3571 0.4286 0.4286 0.5714 0.1429 0.5714 0.9286 0.2857 0.4286 0.2143 0.2143 0.5000 0.2857 0.2143 0.3571 0.4286 0.3571 0.2143 0.2857 0.2857 0.58 0.93 1.94 1.63 0.40 0.93 0.80 0.83 1.12 0.93 0.74 1.56 0.15 3.78 -0.64 3.09 0.42 0.21 0.463 0.601 0.808 0.932 0.511 0.821 1.000 0.739 0.724 0.314 0.303 0.586 0.490 0.369 0.727 0.792 0.719 0.576 0.594 0.335 0 0 0 0 0 0 1 0 0 0 0 0 0 0 0 0 0 0 0 0
0.100 0.3571 0.2857 0.2143 0.2143 0.3571 0.2857 0.2143 0.2143 0.2143 0.5714 0.8571 0.2857 0.6429 0.5000 0.2143 0.2857 0.3571 0.3571 0.3571 0.5000 0.36 0.88 0.51 0.68 1.45 1.17 1.05 0.51 0.79 0.68 0.78 2.59 0.19 4.00 1.70 6.04 0.39 0.31 0.956 0.389 0.269 0.053 0.711 0.520 0.303 0.546 0.530 0.998 1.000 0.313 0.922 0.982 0.716 0.503 0.742 0.875 0.893 0.997 0 0 0 0 0 0 0 0 0 0 1 0 0 0 0 0 0 0 0 0
0.117 0.2857 0.4286 0.5000 0.3571 0.2143 0.5000 0.4286 0.2857 1.1429 0.2143 0.2143 0.4286 0.2857 0.3571 0.2857 0.3571 0.2857 0.2857 0.5714 0.2143 0.56 0.93 0.95 0.73 0.69 1.23 1.14 1.15 1.52 0.86 0.88 1.89 0.22 4.77 -0.99 9.99 0.32 0.27 0.513 0.959 0.821 0.571 0.549 0.819 0.586 0.789 0.832 0.336 0.313 1.000 0.523 0.388 0.727 0.873 0.785 0.584 0.614 0.347 0 0 0 0 0 0 0 0 0 0 0 1 0 0 0 0 0 0 0 0
0.132 0.3571 1.0000 0.4286 0.3571 0.2143 0.5714 0.4286 0.2857 0.4286 0.2143 0.2857 0.6429 0.3571 0.2143 0.2857 0.4286 0.4286 0.2143 0.3571 0.2857 0.61 0.87 0.78 0.65 1.05 1.08 1.06 1.09 1.27 0.86 0.80 2.34 0.29 6.13 -1.01 10.74 0.36 0.25 0.580 1.000 0.814 0.566 0.605 0.825 0.601 0.820 0.859 0.405 0.389 0.959 0.579 0.465 0.798 0.879 0.809 0.658 0.687 0.417 0 1 0 0 0 0 0 0 0 0 0 0 0 0 0 0 0 0 0 0
0.110 0.3571 0.4286 0.4286 0.5714 0.1429 0.5714 0.9286 0.2857 0.4286 0.2143 0.2143 0.5000 0.2857 0.2143 0.3571 0.4286 0.3571 0.2143 0.2857 0.2857 0.58 0.93 1.94 1.63 0.40 0.93 0.80 0.83 1.12 0.93 0.74 1.56 0.15 3.78 -0.64 3.09 0.42 0.21 0.463 0.601 0.808 0.932 0.511 0.821 1.000 0.739 0.724 0.314 0.303 0.586 0.490 0.369 0.727 0.792 0.719 0.576 0.594 0.335 0 0 0 0 0 0 1 0 0 0 0 0 0 0 0 0 0 0 0 0
0.138 0.2857 0.2143 0.2143 0.2143 0.2857 0.2143 0.2143 0.2143 0.5000 0.4286 0.5000 0.2143 0.4286 1.0000 0.2143 0.2857 0.2857 0.5000 0.7143 0.3571 0.52 1.07 0.67 0.91 1.52 1.07 0.90 0.66 0.90 0.74 0.72 2.94 0.29 5.89 1.79 5.67 0.30 0.38 0.976 0.465 0.393 0.152 0.802 0.619 0.369 0.665 0.634 0.983 0.982 0.388 0.970 1.000 0.800 0.600 0.799 0.937 0.938 0.984 0 0 0 0 0 0 0 0 0 0 0 0 0 1 0 0 0 0 0 0
0.285 0.4286 0.6429 0.6429 0.4286 0.2143 0.5714 0.5000 0.5000 0.5714 0.2857 0.2857 0.8571 0.3571 0.2143 0.3571 0.5000 0.4286 0.2143 0.3571 0.2857 0.56 0.93 0.95 0.73 0.69 1.23 1.14 1.15 1.52 0.86 0.88 1.89 0.22 4.77 -0.99 9.99 0.32 0.27 0.513 0.959 0.821 0.571 0.549 0.819 0.586 0.789 0.832 0.336 0.313 1.000 0.523 0.388 0.727 0.873 0.785 0.584 0.614 0.347 0 0 0 0 0 0 0 0 0 0 0 1 0 0 0 0 0 0 0 0
0.110 0.4286 0.2857 0.2143 0.2143 0.4286 0.2857 0.2857 0.2143 0.2143 0.6429 0.5000 0.2857 0.5000 0.3571 0.2857 0.3571 0.4286 0.2143 0.3571 0.8571 0.26 1.06 0.66 0.99 1.70 0.68 0.46 0.61 0.87 0.61 0.77 3.67 0.14 3.00 1.22 6.02 0.27 0.49 0.968 0.417 0.310 0.092 0.737 0.556 0.335 0.576 0.569 0.997 0.997 0.347 0.932 0.984 0.740 0.542 0.773 0.888 0.904 1.000 0 0 0 0 0 0 0 0 0 0 0 0 0 0 0 0 0 0 0 1
0.277 0.4286 0.4286 0.5000 0.7143 0.2143 0.6429 0.8571 0.4286 0.4286 0.2143 0.2143 0.5000 0.2857 0.2143 0.3571 0.4286 0.4286 0.2143 0.2857 0.2857 2.56 1.07 2.06 1.95 0.47 0.80 0.78 1.65 0.73 2.06 1.59 1.60 0.11 2.78 -0.77 2.95 0.25 0.20 0.266 0.566 0.844 1.000 0.431 0.766 0.932 0.724 0.689 0.068 0.053 0.571 0.311 0.152 0.604 0.754 0.600 0.404 0.403 0.092 0 0 0 1 0 0 0 0 0 0 0 0 0 0 0 0 0 0 0 0
0.220 0.8571 0.3571 0.3571 0.2857 0.7857 0.3571 0.3571 0.4286 0.3571 0.3571 0.3571 0.3571 0.4286 0.2857 0.3571 0.5714 0.5000 0.2857 0.3571 0.5000 0.42 0.80 0.90 0.85 1.05 1.06 1.18 0.73 0.93 0.77 0.87 1.28 0.05 1.00 0.31 6.11 0.42 0.23 1.000 0.580 0.514 0.266 0.822 0.709 0.463 0.736 0.723 0.962 0.956 0.513 0.971 0.976 0.861 0.710 0.880 0.949 0.959 0.968 1 0 0 0 0 0 0 0 0 0 0 0 0 0 0 0 0 0 0 0
0.184 0.3571 0.4286 1.0000 0.5714 0.2857 0.5000 0.5000 0.4286 0.5000 0.2143 0.2143 0.5000 0.2857 0.2143 0.2857 0.5000 0.5000 0.1429 0.2857 0.2143 2.24 0.78 1.16 0.94 0.63 1.52 1.68 1.58 0.98 1.55 1.71 1.60 0.13 2.95 -0.60 6.52 0.21 0.22 0.514 0.814 1.000 0.844 0.650 0.930 0.808 0.926 0.883 0.292 0.269 0.821 0.568 0.393 0.822 0.920 0.806 0.641 0.630 0.310 0 0 1 0 0 0 0 0 0 0 0 0 0 0 0 0 0 0 0 0
0.249 0.4286 0.2857 0.2857 0.2857 0.3571 0.4286 0.3571 0.2143 0.2857 0.7143 0.5000 0.2857 0.5000 0.4286 0.2857 0.3571 0.5000 0.2857 0.3571 0.7857 0.26 1.06 0.66 0.99 1.70 0.68 0.46 0.61 0.87 0.61 0.77 3.67 0.14 3.00 1.22 6.02 0.27 0.49 0.968 0.417 0.310 0.092 0.737 0.556 0.335 0.576 0.569 0.997 0.997 0.347 0.932 0.984 0.740 0.542 0.773 0.888 0.904 1.000 0 0 0 0 0 0 0 0 0 0 0 0 0 0 0 0 0 0 0 1
0.110 0.5000 0.2857 0.4286 0.3571 0.2857 0.2857 0.2857 0.9286 0.2857 0.1429 0.2143 0.3571 0.2857 0.2143 0.2857 0.4286 0.4286 0.2857 0.2143 0.2143 1.41 1.66 1.76 1.31 0.77 0.72 2.36 1.77 1.23 0.94 1.72 0.00 0.00 0.00 0.00 6.07 0.13 0.15 0.736 0.820 0.926 0.724 0.829 0.954 0.739 1.000 0.935 0.565 0.546 0.789 0.793 0.665 0.929 0.939 0.910 0.845 0.825 0.576 0 0 0 0 0 0 0 1 0 0 0 0 0 0 0 0 0 0 0 0
0.421 0.5714 0.6429 0.5000 0.4286 0.2857 0.6429 0.5714 0.3571 0.4286 0.2857 0.2857 0.7857 0.4286 0.2857 0.3571 0.5000 0.4286 0.2857 0.3571 0.3571 0.56 0.93 0.95 0.73 0.69 1.23 1.14 1.15 1.52 0.86 0.88 1.89 0.22 4.77 -0.99 9.99 0.32 0.27 0.513 0.959 0.821 0.571 0.549 0.819 0.586 0.789 0.832 0.336 0.313 1.000 0.523 0.388 0.727 0.873 0.785 0.584 0.614 0.347 0 0 0 0 0 0 0 0 0 0 0 1 0 0 0 0 0 0 0 0
0.100 0.3571 0.2857 0.2857 0.3571 0.2143 0.3571 0.3571 0.2857 0.2857 0.2143 0.2143 0.3571 0.2857 0.1429 1.0714 0.3571 0.3571 0.1429 0.2143 0.2857 1.00 1.00 1.00 1.00 1.00 1.00 1.00 1.84 0.63 2.15 1.05 2.67 0.00 2.72 0.72 6.80 0.13 0.34 0.861 0.798 0.822 0.604 0.852 0.930 0.727 0.929 0.909 0.728 0.716 0.727 0.891 0.800 1.000 0.898 0.927 0.941 0.940 0.740 0 0 0 0 0 0 0 0 0 0 0 0 0 0 1 0 0 0 0 0
0.129 0.3571 0.5000 0.4286 0.4286 0.2143 1.0000 0.5714 0.2857 0.5000 0.2143 0.2857 0.5714 0.5000 0.2143 0.3571 0.4286 0.3571 0.2857 0.3571 0.2857 0.60 0.78 1.04 1.38 0.83 1.00 1.21 0.95 1.27 0.93 0.67 1.56 0.18 3.95 -0.22 5.65 0.36 0.25 0.709 0.825 0.930 0.766 0.777 1.000 0.821 0.954 0.922 0.540 0.520 0.819 0.752 0.619 0.930 0.951 0.923 0.814 0.809 0.556 0 0 0 0 0 1 0 0 0 0 0 0 0 0 0 0 0 0 0 0
0.114 0.4286 0.2857 0.2143 0.2143 0.4286 0.2857 0.2857 0.2143 0.2143 0.6429 0.5000 0.2857 0.5000 0.3571 0.2857 0.3571 0.4286 0.2143 0.3571 0.8571 0.26 1.06 0.66 0.99 1.70 0.68 0.46 0.61 0.87 0.61 0.77 3.67 0.14 3.00 1.22 6.02 0.27 0.49 0.968 0.417 0.310 0.092 0.737 0.556 0.335 0.576 0.569 0.997 0.997 0.347 0.932 0.984 0.740 0.542 0.773 0.888 0.904 1.000 0 0 0 0 0 0 0 0 0 0 0 0 0 0 0 0 0 0 0 1
